dis,phi,reg_phi,kdp,reg_kdp,kdp_lsf
1.0875,29.13,18.87,-136.80000000000007,0.0,
1.1625,8.61,18.87,376.9333333333336,88.27592592592602,
1.2374999999999998,65.15,32.1113888888889,-244.73333333333352,0.0,
1.3125,28.44,32.1113888888889,26.199999999999918,0.0,
1.3875,32.37,32.1113888888889,-28.066666666666748,0.0,
1.4625,28.16,32.1113888888889,-10.999999999999964,0.0,
1.5375,26.51,32.1113888888889,28.46666666666668,0.0,
1.6124999999999998,30.78,32.1113888888889,0.4666666666666688,0.0,4.098525132275136
1.6875,30.85,32.1113888888889,-6.3333333333333375,0.0,2.2068981481481456
1.7625,29.9,32.1113888888889,-15.200000000000038,0.0,0.0
1.8375,27.62,32.1113888888889,16.999999999999964,0.0,0.0
1.9125,30.17,32.1113888888889,7.333333333333323,0.0,0.0
1.9875,31.27,32.1113888888889,19.666666666666675,0.0,9.110469906046034e-15
2.0625,34.22,32.1113888888889,-0.4000000000000142,0.0,5.272384327892114e-15
2.1375,34.16,32.1113888888889,-7.9333333333333,0.0,0.0
2.2125000000000004,32.97,32.1113888888889,-11.13333333333336,0.0,3.281805040291465e-15
2.2875,31.3,32.1113888888889,-2.2000000000000077,0.0,0.0
2.3625,30.97,32.1113888888889,-4.0,0.0,0.0
2.4375,30.37,32.1113888888889,12.733333333333304,0.0,0.0
2.5125,32.28,32.1113888888889,-1.1999999999999953,0.0,1.4483927568821239e-15
2.5875000000000004,32.1,32.1113888888889,-5.266666666666703,0.0,0.0
2.6625,31.31,32.1113888888889,-7.866666666666646,0.0,1.3680191694450015e-15
2.7375,30.13,32.1113888888889,10.333333333333377,0.0,6.655321364120512e-16
2.8125,31.68,32.1113888888889,6.066666666666677,0.0,0.0
2.8875,32.59,32.1113888888889,-22.66666666666663,0.0,0.0
2.9625000000000004,29.19,32.1113888888889,34.60000000000013,0.0,0.0
3.0375,34.38,32.1113888888889,2.33333333333329,0.0,4.204061549514544e-15
3.1125,34.73,32.1113888888889,-26.3333333333334,0.0,1.1725309497232806e-15
3.1875,30.78,32.1113888888889,-2.066666666666677,0.0,5.7261377598797705e-16
3.2625,30.47,32.1113888888889,16.333333333333314,0.0,0.0
3.3375000000000004,32.92,32.1113888888889,-9.200000000000047,0.0,0.0
3.4125,31.54,32.1113888888889,6.066666666666677,0.0,0.0464351851851824
3.4875,32.45,32.1113888888889,-23.26666666666676,0.0,0.08623677248677317
3.5625,28.96,32.1113888888889,19.66666666666661,0.0,0.14144642857142764
3.6375,31.91,32.1113888888889,3.5333333333333297,0.0,0.18687367724867235
3.7125,32.44,32.1113888888889,-10.866666666666635,0.0,0.22251851851851426
3.7875,30.81,32.1113888888889,-4.533333333333321,0.0,0.24838095238094673
3.8625,30.13,32.1113888888889,21.93333333333343,1.8574074074073668,0.264460978835974
3.9375,33.42,32.39,-13.733333333333317,0.0,0.2707585978835961
4.0125,31.36,32.39,24.93333333333344,0.8816666666666637,0.26727380952380647
4.0875,35.1,32.52225,-1.0666666666666889,0.0,0.254006613756605
4.1625,34.94,32.52225,-13.799999999999969,0.0,0.23095701058200774
4.237500000000001,32.87,32.52225,0.8000000000000285,0.0,0.19812499999999633
4.3125,32.99,32.52225,0.2666666666666635,0.0,0.15551058201057483
4.387499999999999,33.03,32.52225,2.13333333333333,0.0,0.10311375661375438
4.4625,33.35,32.52225,-2.266666666666684,0.0,0.040934523809521714
4.5375,33.01,32.52225,14.733333333333304,0.0,0.02204166666666324
4.612500000000001,35.22,32.52225,-23.19999999999995,0.0,1.190310847988307e-15
4.6875,31.74,32.52225,7.266666666666735,0.0,2.3427143680038373e-15
4.762499999999999,32.83,32.52225,-0.9333333333333348,0.0,0.0
4.8375,32.69,32.52225,22.26666666666664,0.0,4.919203712301274e-15
4.9125,36.03,32.52225,-21.79999999999997,0.0,1.1179452063654455e-15
4.987500000000001,32.76,32.52225,0.0666666666667006,0.0,4.7718892022563225e-15
5.0625,32.77,32.52225,2.866666666666692,0.0,0.0
5.137499999999999,33.2,32.52225,-6.466666666666691,0.0,0.0
5.2125,32.23,32.52225,4.866666666666681,0.0,0.0
5.2875,32.96,32.52225,5.79999999999997,0.0,0.0
5.362500000000001,33.83,32.52225,-32.86666666666659,0.0,1.3659846580327124e-15
5.4375,28.9,32.52225,17.200000000000177,0.0,0.0
5.512499999999999,31.48,32.52225,-1.4000000000000024,0.0,1.661180978929162e-15
5.5875,31.27,32.52225,5.533333333333332,0.0,0.0
5.6625,32.1,32.52225,5.933333333333323,0.0,0.0
5.737500000000001,32.99,32.52225,4.133333333333306,0.0,0.0
5.8125,33.61,32.52225,-22.86666666666688,0.0,0.0
5.887499999999999,30.18,32.52225,27.8666666666666,0.0,5.600533145081193e-15
5.9625,34.36,32.52225,-19.86666666666662,0.0,0.0
6.0375,31.38,32.52225,12.599999999999998,0.0,4.854928177220473e-15
6.112500000000001,33.27,32.52225,-5.86666666666667,0.0,0.0
6.1875,32.39,32.52225,-4.000000000000047,0.0,4.145363986493856e-15
6.262499999999999,31.79,32.52225,1.8666666666666696,0.0,0.0
6.3375,32.07,32.52225,-7.133333333333319,0.0,5.2039385840522485e-15
6.4125,31.0,32.52225,17.73333333333327,0.0,0.0
6.487500000000001,33.66,32.52225,-19.799999999999923,0.0,2.5419596356937417e-15
6.5625,30.69,32.52225,10.533333333333443,0.0,0.027541666666668827
6.637499999999999,32.27,32.52225,-6.733333333333328,0.0,0.05114880952380752
6.7125,31.26,32.52225,4.799999999999981,0.0,0.07082142857142956
6.7875,31.98,32.52225,-15.399999999999954,0.0,0.08655952380952575
6.862500000000001,29.67,32.52225,13.999999999999952,0.0,0.22580357142857588
6.9375,31.77,32.52225,-3.4666666666666965,0.0,0.3429073129251703
7.012499999999999,31.25,32.52225,19.39999999999993,1.1016666666666663,0.43787074829931716
7.0875,34.16,32.6875,-11.733333333333292,0.0,0.5106938775510271
7.1625,32.4,32.6875,-5.199999999999972,0.0,0.5613767006802676
7.237499999999999,31.62,32.6875,6.333333333333464,0.0,0.5899192176870743
7.312499999999999,32.57,32.6875,26.533333333332937,5.097619047618947,0.5963214285714249
7.387499999999999,36.55,33.45214285714285,-23.266666666666577,0.0,0.5805833333333293
7.4625,33.06,33.45214285714285,10.533333333333298,0.0,0.5427049319727879
7.5375,34.64,33.45214285714285,-8.866666666666635,0.0,0.48268622448979237
7.612499999999999,33.31,33.45214285714285,6.733333333333464,0.0,0.40052721088435495
7.687499999999999,34.32,33.45214285714285,-5.466666666666591,0.0,0.32770408163265136
7.762499999999999,33.5,33.45214285714285,-2.8000000000000047,0.0,0.23667517006802455
7.8375,33.08,33.45214285714285,-2.666666666666651,0.0,0.1274404761904756
7.9125,32.68,33.45214285714285,4.866666666666634,0.0,0.2488095238095231
7.987499999999999,33.41,33.45214285714285,14.733333333333652,0.0,0.4620748299319745
8.0625,35.62,33.45214285714285,-18.133333333333063,0.0,0.6397959183673473
8.1375,32.9,33.45214285714285,-8.600000000000076,0.0,0.7819727891156492
8.212499999999999,31.61,33.45214285714285,-4.333333333333365,0.0,1.0216609977324291
8.287499999999998,30.96,33.45214285714285,11.533333333333148,0.0,1.2067970521542
8.362499999999999,32.69,33.45214285714285,16.00000000000019,9.952380952381075,1.33738095238095
8.4375,35.09,34.945,8.199999999999863,0.0,1.4134126984126996
8.5125,36.32,34.945,-9.800000000000086,0.0,1.4348922902494339
8.587499999999999,34.85,34.945,-8.86666666666674,0.0,1.401819727891166
8.662499999999998,33.52,34.945,15.333333333333096,5.322222222222138,1.4019727891156404
8.737499999999999,35.82,35.74333333333333,6.800000000000085,0.0,1.3567006802721107
8.8125,36.84,35.74333333333333,1.799999999999948,0.0,1.2412414965986378
8.8875,37.11,35.74333333333333,-24.200000000000248,0.0,1.2544841269841207
8.962499999999999,33.48,35.74333333333333,17.00000000000019,0.0,1.1691269841269807
9.037499999999998,36.03,35.74333333333333,-5.666666666666596,0.0,1.2695238095238062
9.1125,35.18,35.74333333333333,7.266666666666586,3.511111111111089,1.587976190476186
9.1875,36.27,36.27,1.2000000000000095,0.8666666666666919,2.0665476190476193
9.2625,36.45,36.400000000000006,-0.6666666666666666,0.0,2.5476190476190417
9.3375,36.35,36.400000000000006,16.866666666667232,7.955555555555737,3.0194444444444124
9.412499999999998,38.88,37.59333333333333,-1.3333333333333333,0.0,3.348968253968245
9.4875,38.68,37.59333333333333,-23.066666666666343,0.0,3.9547619047619205
9.5625,35.22,37.59333333333333,27.06666666666694,11.244444444444603,4.358458049886604
9.6375,39.28,39.28,10.533333333333172,10.533333333333172,4.560056689342377
9.7125,40.86,40.86,20.86666666666737,5.73333333333352,4.55955782312926
9.787499999999998,43.99,41.72,-24.86666666666634,0.0,4.457278911564606
9.8625,40.26,41.72,4.333333333333262,0.0,4.1902040816326585
9.9375,40.91,41.72,39.4000000000004,16.74285714285732,3.736666666666671
10.0125,46.82,44.23142857142857,-15.333333333333096,0.0,3.635396825396836
10.0875,44.52,44.23142857142857,-13.200000000000465,0.0,3.4857539682539738
10.162499999999998,42.54,44.23142857142857,13.066666666666489,0.0,3.1115476190476277
10.2375,44.5,44.23142857142857,1.666666666666643,0.0,3.01321428571429
10.3125,44.75,44.23142857142857,-14.266666666666806,0.0,3.0058333333333422
10.3875,42.61,44.23142857142857,8.466666666666567,0.0,2.9898809523809544
10.4625,43.88,44.23142857142857,14.800000000000484,12.45714285714327,3.0453571428571387
10.537499999999998,46.1,46.1,11.799999999999804,6.16666666666656,2.965357142857131
10.6125,47.87,47.025,-11.266666666666492,0.0,3.230926870748314
10.6875,46.18,47.025,17.533333333333516,7.166666666666753,3.357304421768718
10.7625,48.81,48.1,4.19999999999991,0.0,3.344489795918362
10.8375,49.44,48.1,-22.600000000000755,0.0,3.1924829931972867
10.912499999999998,46.05,48.1,22.59999999999968,8.933333333333183,3.431909013605429
10.9875,49.44,49.44,1.9333333333333005,1.9333333333333005,3.45633928571428
11.0625,49.73,49.73,5.46666666666672,2.316666666666713,3.265773809523788
11.1375,50.55,50.0775,1.3999999999999857,0.0,3.2161309523809374
11.2125,50.76,50.0775,-3.333333333333444,0.0,3.1721726190476285
11.287499999999998,50.26,50.0775,-10.133333333333162,0.0,2.979732142857127
11.3625,48.74,50.0775,56.93333333333252,21.224999999999675,2.8435714285714306
11.4375,57.28,53.26125,-42.33333333333374,0.0,2.5845238095238003
11.5125,50.93,53.26125,28.46666666666628,0.0,2.3240476190476245
11.5875,55.2,53.26125,-0.6000000000000426,0.0,2.384404761904765
11.662499999999998,55.11,53.26125,-39.06666666666611,0.0,2.3622619047618993
11.7375,49.25,53.26125,21.66666666666636,0.0,2.304226190476196
11.8125,52.5,53.26125,9.200000000000104,0.0,2.119523809523815
11.8875,53.88,53.26125,-12.933333333333184,0.0,1.8081547619047686
11.9625,51.94,53.26125,13.666666666667147,4.858333333333529,1.3701190476190404
12.037499999999998,53.99,53.99,13.13333333333314,8.233333333333212,1.58726190476191
12.1125,55.96,55.225,-9.799999999999851,0.0,1.8518154761904795
12.1875,54.49,55.225,22.400000000000208,1.150000000000007,2.0228273809524038
12.2625,57.85,55.3975,-19.79999999999971,0.0,2.1002976190476295
12.3375,54.88,55.3975,-2.200000000000109,0.0,2.1444113756613734
12.412499999999998,54.55,55.3975,-1.5999999999999432,0.0,2.0863855820105894
12.4875,54.31,55.3975,14.266666666666469,7.0166666666665805,1.9262202380952327
12.5625,56.45,56.45,15.000000000000142,4.933333333333346,1.6639153439153473
12.6375,58.7,57.19,-7.5333333333332435,0.0,1.4382804232804225
12.7125,57.57,57.19,-15.133333333333857,0.0,1.3630952380952377
12.787499999999998,55.3,57.19,23.99999999999967,2.407407407407394,1.2325264550264567
12.8625,58.9,57.55111111111111,0.4000000000000094,0.0,1.0794312169312141
12.9375,58.96,57.55111111111111,-6.200000000000057,0.0,0.8750595238095241
13.0125,58.03,57.55111111111111,-13.866666666666458,0.0,0.9383928571428607
13.0875,55.95,57.55111111111111,14.46666666666711,0.0,0.9048809523809498
13.162499999999998,58.12,57.55111111111111,10.53333333333322,0.0,0.9891666666666711
13.2375,59.7,57.55111111111111,-18.333333333333076,0.0,1.4239285714285723
13.3125,56.95,57.55111111111111,2.066666666666654,0.0,1.7620238095238114
13.3875,57.26,57.55111111111111,-21.133333333332995,0.0,2.0562301587301643
13.4625,54.09,57.55111111111111,47.53333333333488,12.7592592592597,2.315013227513213
13.537499999999998,61.22,59.465,-23.39999999999965,0.0,2.478187830687841
13.6125,57.71,59.465,12.266666666666469,0.5666666666666169,2.6313095238095325
13.6875,59.55,59.55,15.533333333333516,11.33333333333346,3.0710449735449705
13.7625,61.88,61.25,-8.399999999999915,0.0,3.3466005291005065
13.8375,60.62,61.25,10.466666666667017,2.111111111111156,3.457976190476177
13.912499999999998,62.19,61.56666666666666,9.866666666666552,0.0,3.4160052910052796
13.9875,63.67,61.56666666666666,-32.199999999999534,0.0,3.2083068783068898
14.0625,58.84,61.56666666666666,21.60000000000017,3.4222222222222687,2.83488095238095
14.1375,62.08,62.08,24.599999999999635,15.777777777777509,2.660277777777778
14.2125,65.77,64.44666666666666,3.2000000000001325,0.0,2.3655158730158687
14.287499999999998,66.25,64.44666666666666,-32.8666666666662,0.0,1.966785714285704
14.3625,61.32,64.44666666666666,46.26666666666604,0.4333333333334067,1.8744940476190552
14.4375,68.26,64.51166666666667,-31.800000000001077,0.0,1.6901488095238
14.5125,63.49,64.51166666666667,-2.599999999999905,0.0,1.474067460317468
14.5875,63.1,64.51166666666667,7.866666666666926,0.0,1.1734722222222185
14.662499999999998,64.28,64.51166666666667,-5.466666666666591,0.0,0.7883630952380898
14.7375,63.46,64.51166666666667,6.799999999999924,0.0,0.41651785714285733
14.8125,64.48,64.51166666666667,16.533333333333815,4.030555555555623,0.4231746031746056
14.8875,66.96,65.11625,-23.866666666665704,0.0,0.4138888888888837
14.9625,63.38,65.11625,13.866666666667069,0.0,0.6192857142857164
15.037499999999998,65.46,65.11625,3.333333333333286,0.0,0.8131746031746024
15.1125,65.96,65.11625,0.1333333333333996,0.0,1.0172619047619078
15.1875,65.98,65.11625,-7.066666666666916,0.0,1.16170634920634
15.2625,64.92,65.11625,-0.7333333333333018,0.0,1.2465079365079388
15.3375,64.81,65.11625,-9.000000000000307,0.0,1.3122222222222186
15.412499999999998,63.46,65.11625,20.26666666666637,9.22499999999991,1.3176999999999965
15.4875,66.5,66.5,1.0000000000000238,1.0000000000000238,1.372157142857134
15.5625,66.65,66.65,16.866666666667232,2.444444444444481,1.374829761904762
15.6375,69.18,67.01666666666667,-24.06666666666585,0.0,1.3257178571428456
15.7125,65.57,67.01666666666667,4.866666666666855,0.0,1.2248214285714214
15.787499999999998,66.3,67.01666666666667,6.399999999999962,1.6222222222222396,1.072140476190462
15.8625,67.26,67.26,5.066666666666534,0.2079999999997965,0.8676749999999896
15.9375,68.02,67.29119999999998,-6.866666666666902,0.0,0.6114249999999918
16.0125,66.99,67.29119999999998,24.06666666666575,0.0,0.3033904761904574
16.0875,70.6,67.29119999999998,-16.666666666666824,0.0,0.20714285714283487
16.1625,68.1,67.29119999999998,8.000000000000094,0.0,0.12062857142855936
16.237499999999997,69.3,67.29119999999998,7.13333333333345,0.0,0.08868888888889061
16.3125,70.37,67.29119999999998,2.8666666666666445,0.0,0.05021269841269476
16.387499999999996,70.8,67.29119999999998,-13.600000000000076,0.0,0.0051999999999926385
16.4625,68.76,67.29119999999998,-1.4,0.0,4.45681558047431e-16
16.5375,68.55,67.29119999999998,-7.666666666666682,0.0,6.211255455540553e-15
16.612499999999997,67.4,67.29119999999998,2.8666666666666445,0.0,0.0
16.6875,67.83,67.29119999999998,12.200000000000104,0.0,0.0
16.762499999999996,69.66,67.29119999999998,0.8666666666667393,0.0,0.0
16.8375,69.79,67.29119999999998,0.5333333333333018,0.0,0.0
16.9125,69.87,67.29119999999998,-15.933333333333488,0.0,1.3014824390903972e-15
16.987499999999997,67.48,67.29119999999998,23.73333333333357,0.0,0.0
17.0625,71.04,67.29119999999998,-17.933333333333582,0.0,0.0
17.137499999999996,68.35,67.29119999999998,16.333333333333506,0.0,5.137605158747933e-15
17.2125,70.8,67.29119999999998,-30.866666666665463,0.0,0.0
17.2875,66.17,67.29119999999998,11.266666666666758,0.0,2.546521482351246e-15
17.362499999999997,67.86,67.29119999999998,18.133333333333496,0.0,1.2677626139791306e-15
17.4375,70.58,67.29119999999998,-27.266666666666943,0.0,0.0
17.512499999999996,66.49,67.29119999999998,-2.0,0.0,1.0893198905618389e-14
17.5875,66.19,67.29119999999998,2.199999999999905,0.0,1.3349860712408046e-14
17.6625,66.52,67.29119999999998,7.733333333333478,0.0,0.0
17.737499999999997,67.68,67.29119999999998,6.46666666666672,0.0,1.2409690602857594e-15
17.8125,68.65,67.29119999999998,-8.93333333333344,0.0,0.0
17.887499999999996,67.31,67.29119999999998,-23.2666666666669,0.0,1.6407547192900497e-15
17.9625,63.82,67.29119999999998,13.73333333333278,0.0,0.0
18.0375,65.88,67.29119999999998,4.733333333333431,0.0,0.0
18.1125,66.59,67.29119999999998,-5.266666666666758,0.0,7.29170655973443e-15
18.1875,65.8,67.29119999999998,-9.999999999999622,0.0,0.0
18.262500000000003,64.3,67.29119999999998,26.06666666666689,0.0,0.0
18.3375,68.21,67.29119999999998,-23.53333333333347,0.0,0.0
18.4125,64.68,67.29119999999998,47.93333333333377,0.0,3.98496546634738e-15
18.4875,71.87,67.29119999999998,-33.93333333333368,0.0,0.0
18.5625,66.78,67.29119999999998,-36.26666666666528,0.0,7.510269792547388e-15
18.637500000000003,61.34,67.29119999999998,12.200000000000104,0.0,2.7558103006393363e-15
18.7125,63.17,67.29119999999998,-2.400000000000019,0.0,0.0
18.7875,62.81,67.29119999999998,36.3333333333337,0.0,0.0
18.8625,68.26,67.29119999999998,-30.53333333333366,0.0,1.944962549127613e-15
18.9375,63.68,67.29119999999998,12.59999999999948,0.0,9.686309931087269e-15
19.012500000000003,65.57,67.29119999999998,-7.666666666666682,0.0,0.0
19.0875,64.42,67.29119999999998,10.400000000000114,0.0,9.22580317011108e-15
19.1625,65.98,67.29119999999998,11.400000000000066,0.0,0.06771666666667411
19.2375,67.69,67.29119999999998,17.000000000000142,0.0,0.12575952380953453
19.3125,70.24,67.29119999999998,-30.666666666665467,0.0,0.17412857142858712
19.387500000000003,65.64,67.29119999999998,16.466666666666814,0.0,0.21282380952382135
19.4625,68.11,67.29119999999998,-35.000000000000334,0.0,0.2683730158730273
19.5375,62.86,67.29119999999998,18.933333333333536,0.0,0.31045873015875486
19.6125,65.7,67.29119999999998,19.466666666666864,2.708666666666893,0.3390809523809633
19.6875,68.62,67.6975,-6.866666666666414,0.0,0.39979523809525924
19.762500000000003,67.59,67.6975,-4.533333333333422,0.0,0.5040229437229538
19.8375,66.91,67.6975,5.066666666666749,0.0,0.5792099567099658
19.9125,67.67,67.6975,4.866666666666739,1.0611111111111036,0.625356277056285
19.9875,68.4,67.85666666666667,-1.466666666666673,0.0,0.6424619047619132
20.0625,68.18,67.85666666666667,-7.933333333333112,0.0,0.6305268398268503
20.137500000000003,66.99,67.85666666666667,7.600000000000076,1.8222222222221929,0.5895510822510787
20.2125,68.13,68.13,11.200000000000152,2.5393939393940226,0.5195346320346359
20.2875,69.81,68.5109090909091,-8.333333333333412,0.0,0.4978679653679654
20.3625,68.56,68.5109090909091,-3.9333333333333935,0.0,0.4568344155844128
20.4375,67.97,68.5109090909091,15.133333333332732,0.0,0.396433982683982
20.512500000000003,70.24,68.5109090909091,-15.266666666666758,0.0,0.3166666666666677
20.5875,67.95,68.5109090909091,-0.533333333333327,0.0,0.3735838293650828
20.6625,67.87,68.5109090909091,-3.733333333333384,0.0,0.39696180555555494
20.7375,67.31,68.5109090909091,7.866666666666692,0.0,0.38680059523809085
20.8125,68.49,68.5109090909091,2.3999999999999053,0.0,0.3951636904761893
20.887500000000003,68.85,68.5109090909091,4.600000000000123,0.0,0.44904964826838395
20.9625,69.54,68.5109090909091,-16.733333333333526,0.0,0.484973620129868
21.0375,67.03,68.5109090909091,41.000000000000426,5.029356060606034,0.5029356060605937
21.1125,73.18,69.2653125,-34.20000000000039,0.0,0.5029356060606058
21.1875,68.05,69.2653125,-0.7333333333333018,0.0,0.48497362012986217
21.262500000000003,67.94,69.2653125,10.066666666666796,0.0,0.4490496482683939
21.3375,69.45,69.2653125,7.733333333333384,0.0,0.395163690476193
21.4125,70.61,69.2653125,-22.2000000000002,0.0,0.32331574675324365
21.4875,67.28,69.2653125,25.466666666666864,0.0,0.23350581709955998
21.5625,71.1,69.2653125,-4.133333333333113,0.0,0.1257339015151632
21.637500000000003,70.48,69.2653125,-0.8000000000000379,0.0,0.0
21.7125,70.36,69.2653125,-6.866666666666739,0.0,0.0
21.7875,69.33,69.2653125,18.266666666666804,0.0,0.0
21.8625,72.07,69.2653125,-9.666666666666682,0.0,9.397559343692469e-15
21.9375,70.62,69.2653125,-3.2666666666666035,0.0,0.0
22.012500000000003,70.13,69.2653125,0.3333333333334123,0.0,0.0
22.0875,70.18,69.2653125,-16.46666666666691,0.0,1.993253441480745e-15
22.1625,67.71,69.2653125,2.800000000000038,0.0,4.635188896509988e-15
22.2375,68.13,69.2653125,13.60000000000017,0.0,2.639748117711726e-15
22.3125,70.17,69.2653125,-3.533333333333207,0.0,1.6442980556014817e-15
22.387500000000003,69.64,69.2653125,1.6666666666666825,0.0,0.0
22.4625,69.89,69.2653125,-7.333333333333365,0.0,0.0
22.5375,68.79,69.2653125,-20.73333333333353,0.0,0.0
22.6125,65.68,69.2653125,24.00000000000019,0.0,1.9469851978452605e-15
22.6875,69.28,69.2653125,-3.533333333333207,0.0,4.527950462036792e-15
22.762500000000003,68.75,69.2653125,-7.400000000000066,0.0,0.0
22.8375,67.64,69.2653125,7.200000000000057,0.0,0.0
22.9125,68.72,69.2653125,13.733333333333478,0.0,0.0
22.9875,70.78,69.2653125,-6.133333333333403,0.0,0.06578125000000608
23.0625,69.86,69.2653125,4.666666666666509,0.0,0.14994295634921742
23.137500000000003,70.56,69.2653125,-26.800000000000228,0.0,0.2207390873015889
23.2125,66.54,69.2653125,11.066666666666748,0.0,0.278169642857147
23.2875,68.2,69.2653125,0.9999999999999526,0.0,0.3222346230158823
23.3625,68.35,69.2653125,-8.86666666666674,0.0,0.35293402777778066
23.4375,67.02,69.2653125,17.599999999999337,2.631249999999923,0.37026785714286864
23.512500000000003,69.66,69.66,7.000000000000047,1.1111111111111531,0.37423611111110694
23.5875,70.71,69.82666666666667,-8.933333333333346,0.0,0.36483878968254935
23.6625,69.37,69.82666666666667,4.400000000000019,0.0,0.34207589285714335
23.7375,70.03,69.82666666666667,5.333333333333365,0.0,0.5415029761904754
23.8125,70.83,69.82666666666667,-7.733333333333017,0.0,0.6939136904761865
23.887500000000003,69.67,69.82666666666667,-3.5333333333333745,0.0,0.7993080357142689
23.9625,69.14,69.82666666666667,4.800000000000038,0.0,0.8576860119047405
24.0375,69.86,69.82666666666667,-5.133333333333355,0.0,0.8690476190475858
24.1125,69.09,69.82666666666667,4.333333333333318,0.0,0.9794047619047516
24.1875,69.74,69.82666666666667,18.266666666666037,9.422222222221729,1.073769841269842
24.262500000000003,72.48,71.23999999999998,-4.266666666666711,0.0,1.124365079365079
24.3375,71.84,71.23999999999998,-3.0000000000000475,0.0,1.1311904761904692
24.4125,71.39,71.23999999999998,-6.933333333333441,0.0,1.0942460317460192
24.4875,70.35,71.23999999999998,-1.3999999999999715,0.0,1.0135317460317368
24.5625,70.14,71.23999999999998,26.333333333332355,2.833333333333302,1.0575892857142892
24.637500000000003,74.09,71.66499999999999,-3.1333333333333555,0.0,1.033799603174599
24.7125,73.62,71.66499999999999,-17.600000000000172,0.0,0.9421626984127075
24.7875,70.98,71.66499999999999,4.133333333333308,0.0,0.7826785714285706
24.8625,71.6,71.66499999999999,-17.400000000000162,0.0,0.8245535714285802
24.9375,68.99,71.66499999999999,11.466666666666224,0.0,0.8322321428571678
25.012500000000003,70.71,71.66499999999999,17.80000000000018,6.741666666666757,0.8057142857142771
25.0875,73.38,72.67625,5.200000000000057,0.0,0.7449999999999998
25.1625,74.16,72.67625,-2.8666666666666445,0.0,0.6750000000000044
25.2375,73.73,72.67625,-14.200000000000198,0.0,0.6481972789115683
25.3125,71.6,72.67625,-0.3333333333333017,0.0,0.5937585034013617
25.387500000000003,71.55,72.67625,18.46666666666681,0.0,0.5116836734693943
25.4625,74.32,72.67625,-10.600000000000028,0.0,0.4019727891156535
25.5375,72.73,72.67625,-18.600000000000215,0.0,0.26462585034014535
25.6125,69.94,72.67625,22.3333333333336,0.996428571428595,0.0996428571428618
25.6875,73.29,72.82571428571428,9.733333333332922,0.0,0.09964285714285451
25.762500000000003,74.75,72.82571428571428,6.400000000000019,0.0,0.09608418367346275
25.8375,75.71,72.82571428571428,-12.46666666666672,0.0,0.08896683673470374
25.9125,73.84,72.82571428571428,8.000000000000094,0.0,0.07829081632652436
25.9875,75.04,72.82571428571428,-20.800000000000228,0.0,0.06405612244898327
26.0625,71.92,72.82571428571428,7.466666666666414,0.0,0.04626275510205074
26.137500000000003,73.04,72.82571428571428,19.33333333333346,0.0,0.024910714285720555
26.2125,75.94,72.82571428571428,-36.466666666667,0.0,0.13858039450089987
26.2875,70.47,72.82571428571428,9.33333333333346,0.0,0.25736358978737384
26.3625,71.87,72.82571428571428,-19.80000000000018,0.0,0.35634958585946064
26.4375,68.9,72.82571428571428,32.26666666666537,0.0,0.43553838271710255
26.512500000000003,73.74,72.82571428571428,-26.06666666666689,0.0,0.49492998036034785
26.5875,69.83,72.82571428571428,9.266666666666758,0.0,0.5345243787891777
26.6625,71.22,72.82571428571428,33.06666666666703,5.543215780036003,0.554321578003588
26.7375,76.18,73.65719665271968,-3.733333333333384,0.0,0.554321578003598
26.8125,75.62,73.65719665271968,-17.33333333333273,0.0,0.5345243787891826
26.887500000000003,73.02,73.65719665271968,11.733333333333478,0.0,0.49492998036034974
26.9625,74.78,73.65719665271968,-12.333333333333412,0.0,0.4355383827170981
27.0375,72.93,73.65719665271968,-10.93333333333344,0.0,0.35634958585945736
27.1125,71.29,73.65719665271968,25.066666666666844,0.0,0.25736358978737073
27.1875,75.05,73.65719665271968,3.933333333333207,0.0,0.1385803945008997
27.262500000000003,75.64,73.65719665271968,-12.333333333333412,0.0,0.0
27.3375,73.79,73.65719665271968,-7.400000000000066,0.0,1.3421012076932499e-15
27.4125,72.68,73.65719665271968,36.26666666666699,0.0,0.0
27.4875,78.12,73.65719665271968,3.2666666666666635,0.0,0.0
27.5625,78.61,73.65719665271968,-76.19999999999706,0.0,1.3311467997505603e-15
27.637500000000003,67.18,73.65719665271968,1823.666666666684,0.0,0.0
27.7125,340.73,73.65719665271968,-1796.2666666666837,0.0,0.0
27.7875,71.29,73.65719665271968,39.06666666666703,0.0,2.640739509298671e-16
27.8625,77.15,73.65719665271968,-57.40000000000054,0.0,1.343152399346541e-14
27.9375,68.54,73.65719665271968,46.5333333333315,0.0,0.0
28.012500000000003,75.52,73.65719665271968,60.00000000000057,0.0,0.0
28.0875,84.52,73.65719665271968,-233.0666666666688,0.0,0.0
28.1625,49.56,73.65719665271968,118.26666666666776,0.0,1.302790609533517e-15
28.2375,67.3,73.65719665271968,-4.333333333333318,0.0,0.0
28.3125,66.65,73.65719665271968,45.5333333333316,0.0,0.0
28.387500000000003,73.48,73.65719665271968,-14.533333333333516,0.0,3.360411628143603e-15
28.4625,71.3,73.65719665271968,-3.5333333333333745,0.0,0.0
28.5375,70.77,73.65719665271968,16.06666666666689,0.0,0.0
28.6125,73.18,73.65719665271968,-10.600000000000124,0.0,5.64213654242154e-15
28.6875,71.59,73.65719665271968,-63.86666666666428,0.0,0.0
28.762500000000003,62.01,73.65719665271968,95.66666666666758,0.0,0.0
28.8375,76.36,73.65719665271968,11.400000000000066,0.0,0.0
28.9125,78.07,73.65719665271968,-44.20000000000039,0.0,0.0
28.9875,71.44,73.65719665271968,7.600000000000076,0.0,1.0125737451576883e-15
29.0625,72.58,73.65719665271968,-28.93333333333226,0.0,4.039843907392589e-15
29.137500000000003,68.24,73.65719665271968,-19.666666666666774,0.0,1.1332818636546528e-14
29.2125,65.29,73.65719665271968,19.200000000000152,0.0,0.0
29.2875,68.17,73.65719665271968,94.26666666666756,0.0,0.0
29.3625,82.31,73.65719665271968,-78.06666666666746,0.0,2.4991083844864434e-16
29.4375,70.6,73.65719665271968,175.59999999999337,0.0,0.0
29.512500000000003,96.94,73.65719665271968,-346.26666666666995,0.0,1.665893340490044e-14
29.5875,45.0,73.65719665271968,209.600000000002,0.0,2.9761272550886055e-15
29.6625,76.44,73.65719665271968,67.86666666666736,0.0,1.0390111130098484e-14
29.7375,86.62,73.65719665271968,-54.7333333333339,0.0,0.0
29.8125,78.41,73.65719665271968,-133.8666666666616,0.0,0.0
29.887500000000003,58.33,73.65719665271968,100.40000000000096,0.0,0.0
29.9625,73.39,73.65719665271968,31.06666666666694,0.0,0.0
30.0375,78.05,73.65719665271968,-94.7333333333342,0.0,2.687250781020735e-15
30.1125,63.84,73.65719665271968,19.80000000000018,0.0,0.0
30.1875,66.81,73.65719665271968,116.66666666666224,0.0,5.833962598487962e-15
30.262500000000003,84.31,73.65719665271968,-84.9333333333342,0.0,1.0911573492183657e-14
30.3375,71.57,73.65719665271968,-52.000000000000426,0.0,5.5632405690410914e-15
30.4125,63.77,73.65719665271968,51.33333333333379,0.0,1.0616478150164627e-14
30.4875,71.47,73.65719665271968,-19.26666666666685,0.0,0.0
30.5625,68.58,73.65719665271968,17.866666666666035,0.0,1.2245075203535992e-14
30.637500000000003,71.26,73.65719665271968,34.800000000000324,0.0,0.0
30.7125,76.48,73.65719665271968,17.000000000000142,0.0,1.0273860889805583e-14
30.7875,79.03,73.65719665271968,-11.53333333333347,0.0,7.388695713417333e-15
30.8625,77.3,73.65719665271968,-36.53333333333371,0.0,0.0
30.9375,71.82,73.65719665271968,-30.666666666665467,0.0,0.0
31.012500000000003,67.22,73.65719665271968,53.40000000000054,0.0,8.991407474920219e-15
31.0875,75.23,73.65719665271968,13.200000000000056,0.0,1.8883616120087557e-15
31.1625,77.21,73.65719665271968,-127.06666666666784,0.0,1.2244812519305731e-14
31.2375,58.15,73.65719665271968,79.06666666666746,0.0,0.0
31.3125,70.01,73.65719665271968,-6.19999999999981,0.0,0.0
31.387500000000003,69.08,73.65719665271968,9.53333333333347,0.0,9.351573441122986e-16
31.4625,70.51,73.65719665271968,46.06666666666708,0.0,6.763730623712764e-15
31.5375,77.42,73.65719665271968,19.40000000000016,0.0,0.0
31.6125,80.33,73.65719665271968,-5.933333333333393,0.0,1.857004243427908e-15
31.6875,79.44,73.65719665271968,-32.93333333333207,0.0,3.473642676055867e-15
31.762500000000003,74.5,73.65719665271968,-27.46666666666696,0.0,0.0
31.8375,70.38,73.65719665271968,38.4000000000004,0.0,0.0
31.9125,76.14,73.65719665271968,-8.93333333333344,0.0,1.8395489024757704e-15
31.9875,74.8,73.65719665271968,22.133333333333592,0.0,9.176181090022508e-16
32.0625,78.12,73.65719665271968,-56.39999999999792,0.0,0.0
32.1375,69.66,73.65719665271968,112.59999999999572,0.0,3.881676358363643e-15
32.212500000000006,86.55,73.65719665271968,-188.0666666666773,0.0,2.2780233003721367e-16
32.2875,58.34,73.65719665271968,183.5333333333264,0.0,0.0
32.3625,85.87,73.65719665271968,-48.20000000000277,0.0,0.0
32.4375,78.64,73.65719665271968,-43.46666666666499,0.0,4.52444712974216e-15
32.5125,72.12,73.65719665271968,-1.6,0.0,7.673818954941395e-15
32.587500000000006,71.88,73.65719665271968,69.46666666667063,0.0,4.728804359768506e-15
32.6625,82.3,73.65719665271968,-145.99999999999446,0.0,3.8192905061325665e-15
32.7375,60.4,73.65719665271968,-71.53333333333738,0.0,0.0
32.8125,49.67,73.65719665271968,174.33333333332666,0.0,0.0
32.8875,75.82,73.65719665271968,-1.9999999999999047,0.0,0.0
32.962500000000006,75.52,73.65719665271968,-32.13333333333512,0.0,0.0
33.0375,70.7,73.65719665271968,124.66666666666195,0.0,7.107657289405293e-15
33.1125,89.4,73.65719665271968,-63.86666666667038,0.0,0.0
33.1875,79.82,73.65719665271968,180.13333333332656,0.0,0.0
33.2625,106.84,73.65719665271968,-234.5999999999911,0.0,3.0885675682142256e-15
33.337500000000006,71.65,73.65719665271968,-16.866666666667633,0.0,0.0
33.4125,69.12,73.65719665271968,153.4666666666608,0.0,0.0
33.4875,92.14,73.65719665271968,-66.33333333333712,0.0,5.03998616208287e-15
33.5625,82.19,73.65719665271968,-114.73333333332894,0.0,0.0
33.6375,64.98,73.65719665271968,50.533333333331406,0.0,0.0
33.712500000000006,72.56,73.65719665271968,-32.0000000000018,0.0,4.57101704105954e-15
33.7875,67.76,73.65719665271968,12.999999999999432,0.0,0.0
33.8625,69.71,73.65719665271968,54.33333333333646,0.0,4.767474131226768e-15
33.9375,77.86,73.65719665271968,20.866666666665846,0.0,0.0
34.0125,80.99,73.65719665271968,-55.19999999999792,0.0,8.629910544307731e-16
34.087500000000006,72.71,73.65719665271968,50.46666666666958,0.0,0.0
34.1625,80.28,73.65719665271968,-65.73333333333083,0.0,1.0740027409346594e-15
34.2375,70.42,73.65719665271968,110.73333333333964,0.0,0.0
34.3125,87.03,73.65719665271968,-50.66666666666471,0.0,0.0
34.3875,79.43,73.65719665271968,-149.26666666666105,0.0,6.398063777959801e-15
34.462500000000006,57.04,73.65719665271968,110.73333333333969,0.0,0.0
34.5375,73.65,73.65719665271968,-12.333333333332924,0.0,0.0
34.6125,71.8,73.65719665271968,-17.33333333333428,0.0,0.0
34.6875,69.2,73.65719665271968,22.799999999999148,0.0,0.0
34.7625,72.62,73.65719665271968,97.7999999999963,0.0,1.0487299093880905e-15
34.837500000000006,87.29,73.65719665271968,-41.46666666666911,0.0,0.0
35.212500000000006,81.07,73.65719665271968,-20.503703703703568,0.0,2.4999527588649067e-15
35.587500000000006,53.39,73.65719665271968,202.3333333333448,0.0,4.1497248310090255e-15
35.6625,83.74,73.65719665271968,-37.13333333333188,0.0,0.0
35.7375,78.17,73.65719665271968,-101.86666666667246,0.0,1.0239825353911153e-15
35.8125,62.89,73.65719665271968,-64.99999999999754,0.0,1.2140650189085105e-15
35.8875,53.14,73.65719665271968,191.7333333333261,0.0,3.9982482547886966e-16
36.0,81.9,73.65719665271968,-70.03333333333401,0.0,0.0
36.1125,60.89,73.65719665271968,101.0666666666724,0.0,1.9517362218830887e-16
36.525,76.05,73.65719665271968,-5.2133333333333285,0.0,0.0
36.9375,68.23,73.65719665271968,-104.26666666666272,0.0,1.910126083551063e-16
38.8875,52.59,73.65719665271968,1.562091503267976,0.0,0.0
40.8375,64.54,73.65719665271968,-30.333333333332213,0.0,1.871785155181321e-16
41.0625,59.99,73.65719665271968,25.439999999999987,0.0,0.0
41.2875,79.07,73.65719665271968,-89.66666666666319,0.0,0.0
41.3625,65.62,73.65719665271968,-9.53333333333392,0.0,0.0
41.4375,64.19,73.65719665271968,70.39999999999735,0.0,0.0
41.5125,74.75,73.65719665271968,-66.40000000000373,0.0,6.2509794188476586e-15
41.5875,64.79,73.65719665271968,107.53333333332922,0.0,0.0
41.6625,80.92,73.65719665271968,-41.79999999999839,0.0,0.0
41.7375,74.65,73.65719665271968,-2.066666666666799,0.0,3.5172044750878884e-16
41.8125,74.34,73.65719665271968,-46.73333333333159,0.0,2.8080534615306005e-15
41.8875,67.33,73.65719665271968,-44.66666666666918,0.0,1.2263238373906856e-15
41.9625,60.63,73.65719665271968,96.66666666666296,0.0,0.0
42.0375,75.13,73.65719665271968,-2.733333333333207,0.0,0.0
42.1125,74.72,73.65719665271968,-50.93333333333623,0.0,5.224455500760567e-15
42.1875,67.08,73.65719665271968,118.19999999999554,0.0,1.2163634950560498e-15
42.2625,84.81,73.65719665271968,-138.2000000000079,0.0,0.0
42.3375,64.08,73.65719665271968,92.99999999999648,0.0,0.0
42.4125,78.03,73.65719665271968,-26.99999999999896,0.0,5.165856754882611e-16
42.5625,73.98,73.65719665271968,-24.911111111111744,0.0,0.0
42.7125,62.77,73.65719665271968,112.79999999999568,0.0,0.0
42.7875,79.69,73.65719665271968,173.59999999999346,0.0,0.0
42.975,105.73,73.65719665271968,-42.75000000000041,0.0,0.0
43.1625,80.08,73.65719665271968,-36.39999999999858,0.0,0.0
43.650000000000006,74.62,73.65719665271968,1.022222222222218,0.0,1.3459067950163418e-15
44.1375,76.46,73.65719665271968,-52.53333333333629,0.0,1.0055194588848117e-15
44.2125,68.58,73.65719665271968,-28.53333333333226,0.0,0.0
44.4,64.3,73.65719665271968,26.333333333333577,0.0,4.98961000135551e-16
44.5875,80.1,73.65719665271968,-93.2666666666631,0.0,0.0
44.6625,66.11,73.65719665271968,76.46666666666376,0.0,5.6144766298639525e-15
44.7375,77.58,73.65719665271968,-2.933333333333485,0.0,4.443442817859011e-15
44.8125,77.14,73.65719665271968,-32.93333333333207,0.0,3.2808691556757672e-15
44.8875,72.2,73.65719665271968,-3.0666666666668942,0.0,4.417637900217272e-15
44.9625,71.74,73.65719665271968,-24.19999999999905,0.0,1.7961809052155596e-15
45.0375,68.11,73.65719665271968,-58.46666666666442,0.0,3.911124930192974e-15
45.1125,59.34,73.65719665271968,118.20000000000664,0.0,1.171194337115165e-14
45.1875,77.07,73.65719665271968,-164.6666666666604,0.0,3.897501820455888e-15
45.2625,52.37,73.65719665271968,226.4666666666796,0.0,5.512312316280751e-15
45.3375,86.34,73.65719665271968,-50.79999999999811,0.0,0.0
45.4125,78.72,73.65719665271968,-59.86666666666442,0.0,0.0
45.4875,69.74,73.65719665271968,52.93333333333642,0.0,1.9358991265845383e-15
45.5625,77.68,73.65719665271968,-39.86666666666518,0.0,0.0
45.6375,71.7,73.65719665271968,-14.400000000000796,0.0,0.0
45.7125,69.54,73.65719665271968,184.2666666666597,0.0,0.0
45.7875,97.18,73.65719665271968,-71.39999999999735,0.0,2.2437516968386035e-15
45.8625,86.47,73.65719665271968,-88.800000000005,0.0,8.000295076591514e-16
45.9375,73.15,73.65719665271968,-126.73333333332856,0.0,0.0
46.0125,54.14,73.65719665271968,82.46666666667139,0.0,0.0
46.0875,66.51,73.65719665271968,-18.86666666666599,0.0,0.0
46.1625,63.68,73.65719665271968,-81.46666666666357,0.0,5.7227799435819195e-15
46.2375,51.46,73.65719665271968,115.0666666666732,0.0,0.0
46.3125,68.72,73.65719665271968,-19.933333333332545,0.0,0.0
46.3875,65.73,73.65719665271968,31.333333333335133,0.0,0.0
46.4625,70.43,73.65719665271968,-9.533333333333015,0.0,3.158794881389979e-16
46.5375,69.0,73.65719665271968,-2.3999999999999053,0.0,0.0
46.6125,68.64,73.65719665271968,111.33333333333968,0.0,3.778356366478902e-15
46.6875,85.34,73.65719665271968,-138.79999999999478,0.0,2.357679381438246e-15
46.7625,64.52,73.65719665271968,79.33333333333788,0.0,0.0
46.8375,76.42,73.65719665271968,-69.79999999999735,0.0,2.0367785783678146e-15
46.9125,65.95,73.65719665271968,70.73333333333065,0.0,0.0
46.9875,76.56,73.65719665271968,-10.53333333333392,0.0,4.529079019024953e-15
47.0625,74.98,73.65719665271968,15.333333333332734,0.0,0.0
47.1375,77.28,73.65719665271968,32.20000000000182,0.0,0.0
47.2125,82.11,73.65719665271968,-1.5333333333333017,0.0,0.0
47.2875,81.88,73.65719665271968,-139.06666666666135,0.0,0.0
47.3625,61.02,73.65719665271968,21.06666666666789,0.0,4.183343701574347e-15
47.4375,64.18,73.65719665271968,136.9999999999948,0.0,4.022036323525515e-15
47.5125,84.73,73.65719665271968,-104.60000000000592,0.0,5.869082032064596e-15
47.5875,69.04,73.65719665271968,95.1333333333297,0.0,0.0
47.6625,83.31,73.65719665271968,-119.99999999999544,0.0,1.0161589494616449e-14
47.7375,65.31,73.65719665271968,38.06666666666879,0.0,3.07394318776263e-15
47.8125,71.02,73.65719665271968,42.86666666666509,0.0,0.0
47.8875,77.45,73.65719665271968,-56.60000000000328,0.0,0.0
47.9625,68.96,73.65719665271968,-39.19999999999848,0.0,0.0
48.0375,63.08,73.65719665271968,147.66666666666111,0.0,0.0
48.1125,85.23,73.65719665271968,-87.7333333333384,0.0,7.30848758746025e-15
48.1875,72.07,73.65719665271968,-46.666666666664895,0.0,5.7750972952847725e-15
48.375,65.07,73.65719665271968,33.78333333333367,0.0,0.0
48.5625,85.34,73.65719665271968,69.59999999999735,0.0,0.0
48.6375,95.78,73.65719665271968,-148.6000000000085,0.0,5.591859712971488e-15
48.7125,73.49,73.65719665271968,64.33333333333093,0.0,6.034078616064466e-15
48.7875,83.14,73.65719665271968,1.1333333333333018,0.0,0.0
48.8625,83.31,73.65719665271968,-181.60000000001037,0.0,0.0
48.9375,56.07,73.65719665271968,65.66666666666418,0.0,0.0
49.0125,65.92,73.65719665271968,-24.933333333334765,0.0,0.0
49.0875,62.18,73.65719665271968,0.0666666666666508,0.0,0.0
49.1625,62.19,73.65719665271968,79.19999999999696,0.0,0.0
49.2375,74.07,73.65719665271968,-65.93333333333699,0.0,7.153859467845846e-15
49.3125,64.18,73.65719665271968,42.266666666665,0.0,0.0
49.3875,70.52,73.65719665271968,-10.80000000000055,0.0,2.2287914566601402e-15
49.4625,68.9,73.65719665271968,-0.1333333333333965,0.0,0.0
49.5375,68.88,73.65719665271968,4.999999999999811,0.0,0.0
49.6125,69.63,73.65719665271968,15.066666666667556,0.0,4.881104780311057e-15
49.6875,71.89,73.65719665271968,-43.73333333333169,0.0,8.861340706461863e-16
49.7625,65.33,73.65719665271968,30.400000000001743,0.0,3.981593620672453e-15
49.8375,69.89,73.65719665271968,-47.13333333333155,0.0,3.3866239345856097e-15
49.9125,62.82,73.65719665271968,71.6666666666639,0.0,8.380326632485493e-15
49.9875,73.57,73.65719665271968,-11.800000000000644,0.0,0.0
50.0625,71.8,73.65719665271968,-32.06666666666547,0.0,3.811152112636185e-15
50.1375,66.99,73.65719665271968,60.20000000000343,0.0,0.0
50.2125,76.02,73.65719665271968,-57.26666666666443,0.0,6.868810512710475e-15
50.2875,67.43,73.65719665271968,-30.13333333333226,0.0,0.0
50.3625,62.91,73.65719665271968,72.00000000000408,0.0,0.0
50.4375,73.71,73.65719665271968,-10.733333333332922,0.0,3.055352663249805e-15
50.5125,72.1,73.65719665271968,-20.40000000000108,0.0,5.375247802788588e-15
50.5875,69.04,73.65719665271968,17.399999999999338,0.0,6.6728332230270575e-15
50.6625,71.65,73.65719665271968,-10.333333333333018,0.0,3.0417839257265807e-15
50.7375,70.1,73.65719665271968,6.666666666667045,0.0,5.785310008750925e-16
50.8125,71.1,73.65719665271968,17.933333333332733,0.0,0.0
50.8875,73.79,73.65719665271968,9.066666666667178,0.0,5.768257466112568e-16
50.9625,75.15,73.65719665271968,-27.66666666666565,0.0,0.0
51.0375,71.0,73.65719665271968,28.59999999999896,0.0,2.8756525763838595e-16
51.1125,75.29,73.65719665271968,-29.066666666668315,0.0,3.87624315856545e-15
51.1875,70.93,73.65719665271968,-3.666666666666604,0.0,0.147672183891292
51.2625,70.38,73.65719665271968,50.46666666666958,0.0,0.2638765281340858
51.3375,77.95,73.65719665271968,-22.799999999999148,0.0,0.35435491970898964
51.4125,74.53,73.65719665271968,22.999999999999147,0.0,0.3724045019481602
51.4875,77.98,73.65719665271968,-4.000000000000284,0.0,0.3234044025393229
51.5625,77.38,73.65719665271968,-134.26666666666154,0.0,0.2970908436409143
51.675,57.24,73.65719665271968,171.66666666666828,2.814183200611806,0.2774092495117559
51.7875,108.74,74.50145161290321,-269.5999999999898,0.0,0.25962103905066375
51.8625,68.3,74.50145161290321,307.3333333333509,0.0,0.24149935415865958
51.9375,114.4,74.50145161290321,-196.93333333332592,0.0,0.22146634108387714
52.3875,84.86,74.50145161290321,-10.43030303030308,0.0,0.19790984084464394
52.8375,67.65,74.50145161290321,82.26666666666348,0.0,0.16869141907272284
52.9125,79.99,74.50145161290321,-88.06666666666328,0.0,0.13045722197490056
52.9875,66.78,74.50145161290321,30.33333333333504,0.0,0.07723498966488504
53.0625,71.33,74.50145161290321,-0.3333333333333017,0.0,6.243630049766322e-15
53.1375,71.28,74.50145161290321,-27.66666666666828,0.0,0.0
53.2125,67.13,74.50145161290321,8.999999999999716,0.0,2.3476608331459937e-15
53.2875,68.48,74.50145161290321,41.33333333333179,0.0,0.0
53.3625,74.68,74.50145161290321,17.466666666667596,0.0,5.775767216008644e-15
53.4375,77.3,74.50145161290321,-3.9999999999998095,0.0,8.102190697269303e-15
53.5125,76.7,74.50145161290321,-28.400000000001647,0.0,2.194124896497269e-15
53.5875,72.44,74.50145161290321,-12.066666666666224,0.0,0.0
53.6625,70.63,74.50145161290321,45.86666666666499,0.0,0.0
53.7375,77.51,74.50145161290321,-30.46666666666845,0.0,6.803807302900033e-16
53.8125,72.94,74.50145161290321,3.799999999999905,0.0,2.035445822719434e-15
53.8875,73.51,74.50145161290321,-6.73333333333375,0.0,0.0
53.9625,72.5,74.50145161290321,45.266666666665,0.0,1.349447741630653e-15
54.0375,79.29,74.50145161290321,-80.53333333333036,0.0,0.0
54.675,67.21,74.50145161290321,0.9875000000000054,0.0,8.052209580962537e-16
55.3125,69.58,74.50145161290321,20.79999999999924,0.0,0.0
55.3875,72.7,74.50145161290321,-14.333333333334188,0.0,4.0041692485734966e-16
55.4625,70.55,74.50145161290321,5.333333333333112,0.0,2.662208605250319e-15
55.5375,71.35,74.50145161290321,-29.933333333332165,0.0,5.708292616634937e-15
55.6125,66.86,74.50145161290321,38.666666666668846,0.0,0.0
55.6875,72.66,74.50145161290321,7.266666666666414,0.0,9.242752384713871e-16
55.7625,73.75,74.50145161290321,12.666666666667425,0.0,0.0
55.8375,75.65,74.50145161290321,-9.86666666666632,0.0,0.0
55.9125,74.17,74.50145161290321,-29.933333333332165,0.0,0.0
55.9875,69.68,74.50145161290321,79.86666666667114,0.0,4.063197291235119e-15
56.0625,81.66,74.50145161290321,-43.79999999999829,0.0,0.0
56.1375,75.09,74.50145161290321,33.13333333333521,0.0,0.0
56.2125,80.06,74.50145161290321,-51.39999999999811,0.0,0.0
56.2875,72.35,74.50145161290321,37.73333333333198,0.0,6.508398829060454e-16
56.3625,78.01,74.50145161290321,33.53333333333525,0.0,3.898114410392008e-15
56.4375,83.04,74.50145161290321,-10.46666666666632,0.0,0.0
56.5125,81.47,74.50145161290321,70.53333333333732,0.0,5.95599909431171e-15
56.775,92.05,74.50145161290321,-51.822222222221896,0.0,0.0
57.0375,45.41,74.50145161290321,268.13333333332315,0.0,0.0
57.1125,85.63,74.50145161290321,-101.40000000000572,0.0,8.881790807322899e-16
57.1875,70.42,74.50145161290321,23.599999999999053,0.0,0.0
57.2625,73.96,74.50145161290321,24.866666666668102,0.0,1.2498598845435982e-16
57.3375,77.69,74.50145161290321,-71.53333333333065,0.0,1.2406725550723304e-16
57.4125,66.96,74.50145161290321,-40.066666666665085,0.0,0.0
59.962500000000006,60.95,74.50145161290321,0.7303482587064682,0.0,9.782855290158455e-16
62.5125,68.29,74.50145161290321,106.06666666667267,0.0,0.0
62.5875,84.2,74.50145161290321,-128.93333333332848,0.0,9.651513608676431e-16
62.6625,64.86,74.50145161290321,20.333333333332543,0.0,3.595720665153002e-16
62.7375,67.91,74.50145161290321,12.733333333334034,0.0,3.57255074954846e-16
62.8125,69.82,74.50145161290321,21.199999999999243,0.0,0.0
62.8875,73.0,74.50145161290321,41.20000000000239,0.0,0.0
62.9625,79.18,74.50145161290321,14.399999999999432,0.0,0.0
63.0375,81.34,74.50145161290321,-55.99999999999792,0.0,0.0
63.1125,72.94,74.50145161290321,7.73333333333375,0.0,0.24446518933167083
63.1875,74.1,74.50145161290321,43.066666666665085,0.0,0.4457423882713088
63.2625,80.56,74.50145161290321,-67.80000000000386,0.0,0.6096796671020136
63.375,70.39,74.50145161290321,24.69999999999905,0.0,0.7404233051096725
63.4875,77.8,74.50145161290321,-96.73333333333882,0.0,0.840759608609354
63.5625,63.29,74.50145161290321,18.466666666665983,0.0,0.9123138601066754
63.6375,66.06,74.50145161290321,337.4000000000192,10.473904670198074,0.9556366492056254
63.7125,116.67,76.07253731343283,-270.93333333332305,0.0,0.9701869724487389
63.7875,76.03,76.07253731343283,-141.2666666666613,0.0,0.9542022901458289
63.8625,54.84,76.07253731343283,37.53333333333544,0.0,0.9044221900535494
63.9375,60.47,76.07253731343283,152.59999999999422,0.0,0.8155959189628151
64.0125,83.36,76.07253731343283,3.0000000000001896,0.0,0.6733224430841287
64.0875,83.81,76.07253731343283,-15.399999999999432,0.0,0.48628843111630904
64.1625,81.5,76.07253731343283,-62.13333333333093,0.0,0.2618476167549398
64.23750000000001,72.18,76.07253731343283,63.13333333333093,0.0,3.655614471118455e-15
64.3125,81.65,76.07253731343283,-47.06666666667382,0.0,0.0
64.38749999999999,74.59,76.07253731343283,67.39999999999745,0.0,0.0
64.4625,84.7,76.07253731343283,22.999999999999147,0.0,1.7075883901091207e-15
64.5375,88.15,76.07253731343283,6.199999999999716,0.0,5.685346753322769e-15
64.61250000000001,89.08,76.07253731343283,-85.53333333333008,0.0,0.0
64.6875,76.25,76.07253731343283,19.00000000000284,0.0,1.0096451335707652e-14
64.76249999999999,79.1,76.07253731343283,-47.1333333333315,0.0,0.0
64.8375,72.03,76.07253731343283,35.199999999998674,0.0,0.0
64.9125,77.31,76.07253731343283,-56.59999999999791,0.0,5.99165348023361e-15
64.98750000000001,68.82,76.07253731343283,49.7333333333315,0.0,1.546998539684906e-14
65.0625,76.28,76.07253731343283,27.400000000004148,0.0,6.203419088889098e-15
65.13749999999999,80.39,76.07253731343283,20.59999999999924,0.0,0.0
65.2125,83.48,76.07253731343283,23.86666666666575,0.0,1.6879501384137983e-15
65.2875,87.06,76.07253731343283,-54.79999999999792,0.0,0.0
65.36250000000001,78.84,76.07253731343283,0.2666666666666035,0.0,6.062675642330907e-15
65.4375,78.88,76.07253731343283,-1.5333333333334975,0.0,5.607154803178518e-16
65.51249999999999,78.65,76.07253731343283,-21.06666666666594,0.0,1.4673927741189068e-14
65.5875,75.49,76.07253731343283,83.26666666666357,0.0,2.148223270996563e-14
65.6625,87.98,76.07253731343283,-155.13333333332753,0.0,0.0
65.73750000000001,64.71,76.07253731343283,126.73333333332856,0.0,6.921142565707991e-15
65.8125,83.72,76.07253731343283,-76.53333333334496,0.0,0.0
65.88749999999999,72.24,76.07253731343283,61.33333333333103,0.0,0.0
65.9625,81.44,76.07253731343283,-27.59999999999896,0.0,0.0
66.0375,77.3,76.07253731343283,-39.19999999999848,0.0,4.5560928944998114e-15
66.11250000000001,71.42,76.07253731343283,-44.86666666666499,0.0,1.5539742026099835e-15
66.1875,64.69,76.07253731343283,5.000000000000758,0.0,7.761066837773727e-16
66.26249999999999,65.44,76.07253731343283,-59.46666666666438,0.0,2.2149378834294746e-16
66.3375,56.52,76.07253731343283,146.26666666666105,0.0,0.0
66.4125,78.46,76.07253731343283,-39.59999999999848,0.0,6.077322129146556e-15
66.48750000000001,72.52,76.07253731343283,3.599999999999905,0.0,9.050514258579557e-15
66.5625,73.06,76.07253731343283,53.53333333334145,0.0,6.504618140642444e-15
66.63749999999999,81.09,76.07253731343283,-81.73333333333026,0.0,0.0
66.7125,68.83,76.07253731343283,48.46666666666481,0.0,2.8599969814326164e-15
66.7875,76.1,76.07253731343283,12.866666666666225,0.0,1.4393803268994452e-14
66.86250000000001,78.03,76.07253731343283,24.99999999999905,0.0,4.829137054099433e-15
66.9375,81.78,76.07253731343283,-66.8666666666768,0.0,0.0
67.01249999999999,71.75,76.07253731343283,84.33333333333017,0.0,5.475372526078941e-16
67.0875,84.4,76.07253731343283,1.2666666666666035,0.0,8.750802423446266e-16
67.1625,84.59,76.07253731343283,-101.73333333332953,0.0,7.429876075758252e-15
67.23750000000001,69.33,76.07253731343283,86.33333333333007,0.0,6.3301785294580085e-15
67.3125,82.28,76.07253731343283,-49.20000000000743,0.0,0.0
67.38749999999999,74.9,76.07253731343283,-28.99999999999896,0.0,0.0
67.4625,70.55,76.07253731343283,43.53333333333169,0.0,6.200289681223447e-15
67.5375,77.08,76.07253731343283,-63.26666666666424,0.0,0.0
67.61250000000001,67.59,76.07253731343283,11.999999999999526,0.0,0.0
67.6875,69.39,76.07253731343283,50.93333333334106,0.0,1.8430623884780885e-15
67.76249999999999,77.03,76.07253731343283,-6.19999999999981,0.0,2.274204290709663e-15
67.8375,76.1,76.07253731343283,-67.59999999999744,0.0,0.0
67.9125,65.96,76.07253731343283,-7.199999999999716,0.0,0.0
67.98750000000001,64.88,76.07253731343283,79.26666666666367,0.0,0.0
68.0625,76.77,76.07253731343283,-15.933333333335751,0.0,6.576905196433862e-15
68.13749999999999,74.38,76.07253731343283,44.666666666665,0.0,4.307977743595357e-15
68.2125,81.08,76.07253731343283,-23.53333333333245,0.0,0.09435972312351185
68.2875,77.55,76.07253731343283,-22.13333333333245,0.0,0.17523948580082446
68.36250000000001,74.23,76.07253731343283,-44.599999999998296,0.0,0.24263928803189372
68.4375,67.54,76.07253731343283,68.40000000001031,0.0,0.29655912981676613
68.51249999999999,77.8,76.07253731343283,-44.5333333333316,0.0,0.3369990111553976
68.5875,71.12,76.07253731343283,-36.66666666666528,0.0,0.36395893204783275
68.6625,65.62,76.07253731343283,124.19999999999526,3.774388924940457,0.3774388924940629
68.73750000000001,84.25,76.63869565217392,-89.59999999999658,0.0,0.3774388924940618
68.8125,70.81,76.63869565217392,79.60000000001205,0.0,0.36395893204783714
68.88749999999999,82.75,76.63869565217392,-45.5333333333316,0.0,0.33699901115541936
68.9625,75.92,76.63869565217392,-30.333333333332163,0.0,0.29655912981676463
69.0375,71.37,76.63869565217392,46.1333333333316,0.0,0.2426392880318961
69.11250000000001,78.29,76.63869565217392,19.133333333332544,0.0,0.1752394858008224
69.1875,81.16,76.63869565217392,-10.26666666666817,0.0,0.09435972312351543
69.26249999999999,79.62,76.63869565217392,-63.59999999999763,0.0,1.1654518480397462e-15
69.3375,70.08,76.63869565217392,41.99999999999839,0.0,1.0795227919504841e-14
69.4125,76.38,76.63869565217392,23.999999999999147,0.0,0.0
69.48750000000001,79.98,76.63869565217392,-19.86666666666594,0.0,0.0
69.5625,77.0,76.63869565217392,-15.400000000002349,0.0,7.384527499402739e-16
69.63749999999999,74.69,76.63869565217392,-13.26666666666613,0.0,0.0
69.7125,72.7,76.63869565217392,18.46666666666594,0.0,0.0
69.7875,75.47,76.63869565217392,16.19999999999943,0.0,4.206125575541973e-15
69.86250000000001,77.9,76.63869565217392,43.333333333331694,0.0,1.0188904832038728e-14
69.9375,84.4,76.63869565217392,-46.33333333334038,0.0,0.01216183574880113
70.01249999999999,77.45,76.63869565217392,25.333333333332355,0.0,0.022586266390608276
70.0875,81.25,76.63869565217392,-33.66666666666537,0.0,0.03127329192546883
70.1625,76.2,76.63869565217392,-26.266666666665657,0.0,0.03822291235334641
70.23750000000001,72.26,76.63869565217392,-26.26666666666575,0.0,0.04343512767425073
70.3125,68.32,76.63869565217392,40.80000000000621,0.0,0.046909937888193406
70.38749999999999,74.44,76.63869565217392,26.399999999999054,0.4864734299515594,0.10818438003220143
70.4625,78.4,76.71166666666666,-2.6666666666666035,0.0,0.1592161260639338
70.5375,78.0,76.71166666666666,-27.86666666666565,0.0,0.20000517598343065
70.61250000000001,73.82,76.71166666666666,48.7999999999982,0.0,0.23055152979066823
70.6875,81.14,76.71166666666666,-21.533333333336625,0.0,0.25085518748563607
70.76249999999999,77.91,76.71166666666666,-46.0666666666649,0.0,0.2609161490683254
70.8375,71.0,76.71166666666666,52.66666666666471,2.381481481481562,0.2607344145387683
70.9125,78.9,77.0688888888889,-23.999999999999147,0.0,0.25030998389694553
70.98750000000001,75.3,77.0688888888889,20.86666666666594,0.0,0.2296428571428808
71.0625,78.43,77.0688888888889,11.600000000001724,0.0,0.3711507936507982
71.13749999999999,80.17,77.0688888888889,-39.86666666666518,0.0,0.5581746031746373
71.2125,74.19,77.0688888888889,12.466666666666224,0.0,0.7030952380952394
71.2875,76.06,77.0688888888889,26.59999999999896,0.0,0.8059126984126493
71.36250000000001,80.05,77.0688888888889,-35.33333333333198,0.0,0.8666269841269834
71.4375,74.75,77.0688888888889,6.800000000001004,0.0,1.1102380952381554
71.51249999999999,75.77,77.0688888888889,14.999999999999432,6.340740740740355,1.3476455026454996
71.5875,78.02,78.02,64.26666666666424,3.066666666666604,1.519312169312193
71.6625,87.66,78.48,-79.73333333333026,0.0,1.6252380952381458
71.73750000000001,75.7,78.48,-16.933333333332733,0.0,1.6654232804232993
71.8125,73.16,78.48,28.26666666667101,0.0,1.6398677248678126
71.88749999999999,77.4,78.48,42.39999999999839,8.999999999999716,1.5485714285715173
71.9625,83.76,79.83000000000001,-31.06666666666556,0.0,1.3915343915344187
72.0375,79.1,79.83000000000001,17.133333333332732,0.0,1.1687566137566132
72.11250000000001,81.67,79.83000000000001,-5.066666666666508,0.0,0.8802380952380958
72.1875,80.91,79.83000000000001,-26.0666666666706,0.0,0.7071428571428556
72.26249999999999,77.0,79.83000000000001,30.133333333332164,0.0,0.5785714285714376
72.3375,81.52,79.83000000000001,2.2666666666666035,0.0,0.417857142857158
72.4125,81.86,79.83000000000001,-15.133333333332732,0.0,0.22499999999996362
72.48750000000001,79.59,79.83000000000001,44.3333333333316,0.0,1.1439724039246264e-14
72.5625,86.24,79.83000000000001,-31.733333333338084,0.0,0.0
72.63749999999999,81.48,79.83000000000001,35.73333333333198,0.0,5.657536738444569e-15
72.7125,86.84,79.83000000000001,-39.06666666666519,0.0,3.0276971433706194e-16
72.7875,80.98,79.83000000000001,13.599999999999431,0.0,1.4719610383574417e-14
72.86250000000001,83.02,79.83000000000001,-76.19999999999706,0.0,0.0
72.9375,71.59,79.83000000000001,27.86666666667084,0.0,8.048953035262411e-15
73.01249999999999,75.77,79.83000000000001,-14.46666666666613,0.0,0.0
73.0875,73.6,79.83000000000001,58.86666666666452,0.0,0.04041666666666182
73.1625,82.43,79.83000000000001,-51.33333333333141,0.0,0.0750595238095125
73.23750000000001,74.73,79.83000000000001,52.93333333333131,0.0,0.10392857142856068
73.3125,82.67,79.83000000000001,-10.133333333334845,0.0,0.12702380952382433
73.38749999999999,81.15,79.83000000000001,15.466666666666034,0.0,0.2161160714285508
73.4625,83.47,79.83000000000001,-110.59999999999584,0.0,0.2891815476190277
73.5375,66.88,79.83000000000001,105.99999999999602,1.616666666666556,0.3462202380952471
73.61250000000001,82.78,80.0725,-22.866666666665846,0.0,0.38723214285714347
73.6875,79.35,80.0725,23.46666666667029,0.0,0.4122172619047323
73.76249999999999,82.87,80.0725,-50.533333333331406,0.0,0.421175595238085
73.8375,75.29,80.0725,46.1333333333315,2.870833333333077,0.41410714285713346
73.9125,82.21,80.50312499999998,-0.3999999999999052,0.0,0.3910119047618865
73.98750000000001,82.15,80.50312499999998,-10.19999999999962,0.0,0.3518898809523633
74.0625,80.62,80.50312499999998,35.06666666667192,0.0,0.29674107142855477
74.13749999999999,85.88,80.50312499999998,45.333333333331694,0.0,0.22556547619047224
74.2125,92.68,80.50312499999998,-84.53333333333018,0.0,0.18455357142855291
74.2875,80.0,80.50312499999998,9.19999999999962,0.0,0.13328869047617478
74.36250000000001,81.38,80.50312499999998,-22.06666666666585,0.0,0.07177083333332422
74.4375,78.07,80.50312499999998,15.600000000002389,0.0,0.0
74.51249999999999,80.41,80.50312499999998,2.933333333333207,0.0,1.674249760738975e-15
74.5875,80.85,80.50312499999998,54.99999999999792,0.0,1.1806350236243643e-15
74.6625,89.1,80.50312499999998,-104.59999999999602,0.0,0.0
74.73750000000001,73.41,80.50312499999998,8.933333333333017,0.0,3.142041345844949e-15
74.8125,74.75,80.50312499999998,32.20000000000487,0.0,0.0
74.88749999999999,79.58,80.50312499999998,26.733333333332357,0.0,5.5855510195805635e-15
74.9625,83.59,80.50312499999998,-30.599999999998865,0.0,0.0
75.0375,79.0,80.50312499999998,21.799999999999148,0.0,0.0
75.11250000000001,82.27,80.50312499999998,-26.266666666665657,0.0,7.62049021938564e-15
75.1875,78.33,80.50312499999998,84.46666666667949,0.0,1.180973786885505e-14
75.26249999999999,91.0,80.50312499999998,-87.13333333332999,0.0,0.0
75.3375,77.93,80.50312499999998,79.13333333333027,0.0,2.0455431193440936e-15
75.4125,89.8,80.50312499999998,-127.73333333332847,0.0,7.784795439051449e-15
75.48750000000001,70.64,80.50312499999998,72.79999999999725,0.0,0.0
75.5625,81.56,80.50312499999998,-31.400000000004813,0.0,4.46737167029887e-15
75.63749999999999,76.85,80.50312499999998,11.999999999999622,0.0,2.522532453197127e-15
75.7125,78.65,80.50312499999998,-7.066666666666414,0.0,8.626269221229643e-15
75.7875,77.59,80.50312499999998,19.06666666666594,0.0,0.25670138888890925
75.86250000000001,80.45,80.50312499999998,-12.799999999999526,0.0,0.47673115079367434
75.9375,78.53,80.50312499999998,-19.93333333333632,0.0,0.6600892857142813
76.01249999999999,75.54,80.50312499999998,14.399999999999432,0.0,0.806775793650808
76.0875,77.7,80.50312499999998,-17.266666666666033,0.0,0.9167906746031724
76.1625,75.11,80.50312499999998,35.73333333333198,0.0,0.9901339285714853
76.23750000000001,80.47,80.50312499999998,67.79999999999744,10.268055555555302,1.026805555555579
76.3125,90.64,82.04333333333334,43.26666666667319,0.0,1.02680555555564
76.38749999999999,97.13,82.04333333333334,-181.79999999999308,0.0,0.9901339285714486
76.4625,69.86,82.04333333333334,25.19999999999905,0.0,0.9167906746032036
76.5375,73.64,82.04333333333334,92.7333333333298,0.0,0.8067757936508255
76.61250000000001,87.55,82.04333333333334,-5.333333333333112,0.0,0.6600892857143046
76.6875,86.75,82.04333333333334,-36.73333333333893,0.0,0.47673115079364564
76.76249999999999,81.24,82.04333333333334,-36.19999999999858,0.0,0.25670138888889604
76.8375,75.81,82.04333333333334,78.13333333333037,0.0,0.0
76.9125,87.53,82.04333333333334,41.86666666666509,0.0,0.0
76.98750000000001,93.81,82.04333333333334,-79.53333333333036,0.0,0.0
77.0625,81.88,82.04333333333334,-10.066666666668132,0.0,0.0
77.13749999999999,80.37,82.04333333333334,-18.86666666666594,0.0,1.046472594873536e-14
77.2125,77.54,82.04333333333334,32.93333333333207,0.0,1.473142723752479e-14
77.2875,82.48,82.04333333333334,41.53333333333169,0.0,0.0
77.36250000000001,88.71,82.04333333333334,-104.66666666666262,0.0,0.0
77.4375,73.01,82.04333333333334,31.600000000004755,0.0,6.064980566575095e-15
77.51249999999999,77.75,82.04333333333334,46.8666666666649,0.0,8.61530027264455e-15
77.5875,84.78,82.04333333333334,-32.39999999999877,0.0,0.0
77.6625,79.92,82.04333333333334,36.19999999999858,0.0,1.51185242689374e-15
77.73750000000001,85.35,82.04333333333334,-48.2666666666648,0.0,4.24798267274602e-15
77.8125,78.11,82.04333333333334,25.466666666670577,0.0,0.08212962962962853
77.88749999999999,81.93,82.04333333333334,21.799999999999148,0.0,0.1525264550264598
77.9625,85.2,82.04333333333334,-17.19999999999934,0.0,0.21119047619047346
78.0375,82.62,82.04333333333334,-9.933333333333016,0.0,0.25812169312169636
78.11250000000001,81.13,82.04333333333334,-72.93333333333055,0.0,0.29332010582011264
78.1875,70.19,82.04333333333334,67.00000000001013,0.0,0.31678571428571095
78.26249999999999,80.24,82.04333333333334,36.73333333333198,3.2851851851850413,0.32851851851853153
78.3375,85.75,82.53611111111111,-27.53333333333226,0.0,0.3285185185185122
78.4125,81.62,82.53611111111111,7.466666666666319,0.0,0.31678571428570235
78.48750000000001,82.74,82.53611111111111,26.06666666666575,0.0,0.2933201058201113
78.5625,86.65,82.53611111111111,-33.20000000000506,0.0,0.258121693121691
78.63749999999999,81.67,82.53611111111111,50.199999999998106,0.0,0.2111904761904776
78.7125,89.2,82.53611111111111,-121.66666666666204,0.0,0.15252645502645168
78.7875,70.95,82.53611111111111,173.26666666666006,0.0,0.0821296296296337
78.86250000000001,96.94,82.53611111111111,-110.26666666666245,0.0,0.0
78.9375,80.4,82.53611111111111,3.466666666667165,0.0,2.6030084020954816e-15
79.01249999999999,80.92,82.53611111111111,-47.7333333333315,0.0,0.0
79.0875,73.76,82.53611111111111,105.93333333332932,0.0,0.0
79.1625,89.65,82.53611111111111,-42.19999999999848,0.0,0.08654558404559225
79.23750000000001,83.32,82.53611111111111,-30.39999999999877,0.0,0.16072751322751186
79.3125,78.76,82.53611111111111,-13.80000000000214,0.0,0.2225457875457911
79.38749999999999,76.69,82.53611111111111,55.86666666666452,0.0,0.2720004070004026
79.4625,85.07,82.53611111111111,54.33333333333131,0.0,0.30909137159138395
79.5375,93.22,82.53611111111111,-165.86666666666036,0.0,0.33381868131868253
79.61250000000001,68.34,82.53611111111111,99.26666666666291,3.4618233618232934,0.3461823361823466
79.6875,83.23,83.05538461538463,33.9333333333384,0.0,0.3461823361823303
79.76249999999999,88.32,83.05538461538463,-57.93333333333112,0.0,0.33381868131868
79.8375,79.63,83.05538461538463,64.66666666666424,0.0,0.3090913715913687
79.9125,89.33,83.05538461538463,-33.93333333333207,0.0,0.2720004070003975
79.98750000000001,84.24,83.05538461538463,20.933333333332545,0.0,0.22254578754580234
80.0625,87.38,83.05538461538463,-16.200000000002408,0.0,0.1607275132275291
80.13749999999999,84.95,83.05538461538463,-52.533333333331406,0.0,0.08654558404558603
80.2125,77.07,83.05538461538463,74.79999999999725,0.0,1.7382513308090847e-15
80.2875,88.29,83.05538461538463,60.26666666666433,0.0,5.758291456403865e-15
80.36250000000001,97.33,83.05538461538463,-181.53333333332648,0.0,0.0
80.4375,70.1,83.05538461538463,60.33333333334255,0.0,0.0
80.51249999999999,79.15,83.05538461538463,42.333333333331694,0.0,1.6679722684654744e-14
80.5875,85.5,83.05538461538463,49.39999999999811,0.0,0.0
80.6625,92.91,83.05538461538463,-76.53333333333036,0.0,0.0
80.73750000000001,81.43,83.05538461538463,34.866666666665274,0.0,5.2717373411034315e-15
80.8125,86.66,83.05538461538463,34.60000000000523,0.0,4.267960486875098e-15
80.88749999999999,91.85,83.05538461538463,-78.79999999999697,0.0,1.4334308760489054e-14
80.9625,80.03,83.05538461538463,83.46666666666347,0.0,0.0
81.0375,92.55,83.05538461538463,-96.9999999999963,0.0,0.0
81.11250000000001,78.0,83.05538461538463,87.99999999999669,0.0,1.6284927072554713e-15
81.1875,91.2,83.05538461538463,29.933333333337835,0.0,5.242518016592171e-15
81.26249999999999,95.69,83.05538461538463,-143.0666666666612,0.0,7.675909744765575e-15
81.3375,74.23,83.05538461538463,106.73333333332924,0.0,0.0
81.4125,90.24,83.05538461538463,-73.39999999999716,0.0,2.2534609835196587e-15
81.48750000000001,79.23,83.05538461538463,18.199999999999243,0.0,0.0
81.5625,81.96,83.05538461538463,-20.8666666666698,0.0,7.107840939257148e-15
81.63749999999999,78.83,83.05538461538463,10.26666666666632,0.0,0.0
81.7125,80.37,83.05538461538463,-0.3333333333333965,0.0,6.3763331734912935e-15
81.7875,80.32,83.05538461538463,-23.399999999999054,0.0,5.204059068056705e-15
81.86250000000001,76.81,83.05538461538463,44.599999999998296,0.0,0.0
81.9375,83.5,83.05538461538463,-60.80000000000925,0.0,0.0
82.01249999999999,74.38,83.05538461538463,105.39999999999604,0.0,2.1474960154271242e-15
82.0875,90.19,83.05538461538463,-36.06666666666528,0.0,0.1753525641025554
82.1625,84.78,83.05538461538463,11.533333333332925,0.0,0.32565476190475634
82.23750000000001,86.51,83.05538461538463,-117.93333333332896,0.0,0.4509065934065902
82.3125,68.82,83.05538461538463,24.733333333337136,0.0,0.5511080586080491
82.38749999999999,72.53,83.05538461538463,-24.26666666666575,0.0,0.9087869352869661
82.4625,68.89,83.05538461538463,92.2666666666632,0.0,1.2010543345543845
82.5375,82.73,83.05538461538463,56.06666666666452,7.01410256410215,1.4279102564102193
82.61250000000001,91.14,84.10749999999999,-58.066666666664425,0.0,1.5893547008547395
82.6875,82.43,84.10749999999999,-4.466666666667355,0.0,1.6853876678876876
82.76249999999999,81.76,84.10749999999999,-4.399999999999905,0.0,1.71600915750919
82.8375,81.1,84.10749999999999,46.666666666664895,11.301111111110863,1.6812191697191177
82.9125,88.1,85.80266666666668,36.06666666666537,0.0,1.581017704517739
82.98750000000001,93.51,85.80266666666668,-60.46666666666442,0.0,1.4154047619047383
83.0625,84.44,85.80266666666668,41.46666666667294,0.0,1.1843803418803436
83.13749999999999,90.66,85.80266666666668,-54.133333333331215,0.0,0.8879444444444398
83.2125,82.54,85.80266666666668,46.666666666664895,0.0,0.726500000000012
83.2875,89.54,85.80266666666668,-21.59999999999924,0.0,0.5246944444444581
83.36250000000001,86.3,85.80266666666668,11.666666666666224,0.0,0.2825277777777903
83.4375,88.05,85.80266666666668,-39.6666666666727,0.0,7.211969142890398e-15
83.51249999999999,82.1,85.80266666666668,-1.4666666666666035,0.0,0.04997222222221005
83.5875,81.88,85.80266666666668,39.19999999999858,0.0,0.09280555555555649
83.6625,87.76,85.80266666666668,-29.999999999998863,0.0,0.1284999999999832
83.73750000000001,83.26,85.80266666666668,-5.39999999999981,0.0,0.15705555555553574
83.8125,82.45,85.80266666666668,-4.80000000000072,0.0,0.354722222222228
83.88749999999999,81.73,85.80266666666668,19.933333333332545,0.0,0.8602619047619541
83.9625,84.72,85.80266666666668,14.599999999999431,1.998888888888663,1.284885487528405
84.0375,86.91,86.10249999999999,22.133333333332544,0.0,1.6285929705216184
84.11250000000001,90.23,86.10249999999999,23.599999999999053,0.0,1.8913843537416584
84.1875,93.77,86.10249999999999,-135.1333333333538,0.0,2.073259637188146
84.26249999999999,73.5,86.10249999999999,91.0666666666632,7.049999999999764,2.1742188208618436
84.3375,87.16,87.16,74.13333333333055,13.607619047618638,2.1942619047617566
84.4125,98.28,89.20114285714287,-18.86666666666594,0.0,2.133388888888859
84.48750000000001,95.45,89.20114285714287,-106.39999999999604,0.0,1.991599773242645
84.5625,79.49,89.20114285714287,81.4000000000124,0.0,1.768894557823194
84.63749999999999,91.7,89.20114285714287,-7.933333333333017,0.0,1.5223843537414972
84.7125,90.51,89.20114285714287,29.866666666665463,0.0,1.202096938775514
84.7875,94.99,89.20114285714287,-40.59999999999839,0.0,0.8080323129251623
84.86250000000001,88.9,89.20114285714287,-27.66666666666565,0.0,0.3401904761904212
84.9375,84.75,89.20114285714287,37.40000000000567,0.0,8.639765024070548e-16
85.01249999999999,90.36,89.20114285714287,36.59999999999858,0.0,0.0
85.0875,95.85,89.20114285714287,-24.466666666665656,0.0,0.0
85.1625,92.18,89.20114285714287,-72.46666666666395,0.0,0.0
85.23750000000001,81.31,89.20114285714287,19.66666666666594,0.0,0.0
85.3125,84.26,89.20114285714287,35.00000000000531,0.0,2.064429260168173e-15
85.38749999999999,89.51,89.20114285714287,-23.799999999999148,0.0,5.156539993817158e-16
85.4625,85.94,89.20114285714287,85.13333333333009,0.0,2.919475049614942e-15
85.5375,98.71,89.20114285714287,-58.59999999999773,0.0,0.0
85.61250000000001,89.92,89.20114285714287,11.133333333332924,0.0,9.428811659145176e-16
85.6875,91.59,89.20114285714287,39.40000000000595,0.0,0.0
85.76249999999999,97.5,89.20114285714287,-39.46666666666518,0.0,7.27315694367183e-15
85.8375,91.58,89.20114285714287,-55.66666666666452,0.0,0.0
85.9125,83.23,89.20114285714287,29.53333333333217,0.0,0.0
85.98750000000001,87.66,89.20114285714287,116.73333333332894,0.0,7.680839124510923e-16
86.0625,105.17,89.20114285714287,-128.13333333335274,0.0,7.759413963027572e-15
86.13749999999999,85.95,89.20114285714287,-15.799999999999432,0.0,5.96340885721172e-16
86.2125,83.58,89.20114285714287,34.99999999999867,0.0,3.9151741137206295e-15
86.2875,88.83,89.20114285714287,-46.1333333333316,0.0,0.0
86.36250000000001,81.91,89.20114285714287,119.13333333332884,0.0,3.3123674576048198e-15
86.4375,99.78,89.20114285714287,-114.93333333335072,0.0,1.6118490932858856e-15
86.51249999999999,82.54,89.20114285714287,70.53333333333065,0.0,0.648868463320237
86.5875,93.12,89.20114285714287,-97.5999999999963,0.0,1.073098038259656
86.7,78.48,89.20114285714287,76.89999999999706,0.0,1.3602926266045627
86.8125,101.55,89.20114285714287,-25.800000000003845,0.0,1.5392252811656184
87.0,97.68,89.20114285714287,-19.233333333332617,0.0,0.5317144455694209
87.1875,86.14,89.20114285714287,-216.6666666666995,0.0,0.2698656200568743
87.3375,53.64,89.20114285714287,156.5333333333274,10.183425229740608,0.22268051049112408
87.48750000000001,124.08,93.78368421052632,-213.5999999999919,0.0,0.19752307494282315
87.5625,92.04,93.78368421052632,197.73333333336328,0.0,0.17870770720473753
87.7125,121.7,93.78368421052632,-88.84444444444108,0.0,0.16040758933150542
87.86250000000001,81.72,93.78368421052632,16.466666666666036,0.0,0.1406320705635744
91.8,84.19,93.78368421052632,1.3589743589743597,0.0,0.11795619522591498
95.7375,105.39,93.78368421052632,-84.99999999999677,0.0,0.08988088159267739
95.925,92.64,93.78368421052632,17.366666666666834,0.0,0.05281506091848375
96.1125,103.06,93.78368421052632,-32.79999999999877,0.0,0.0
96.1875,98.14,93.78368421052632,-114.13333333335066,0.0,6.984615580915748e-16
96.4125,81.02,93.78368421052632,18.146666666666665,0.0,1.078686292168832e-15
96.6375,94.63,93.78368421052632,-172.39999999999347,0.0,0.0
96.7125,68.77,93.78368421052632,243.9333333333241,0.0,1.7469412892426177e-15
96.825,105.36,93.78368421052632,-38.96666666666518,0.0,0.01624950142105538
96.9375,93.67,93.78368421052632,-54.800000000008296,0.0,0.028570546563426103
97.2,85.45,93.78368421052632,15.366666666666568,0.0,0.03841835309087122
97.725,99.28,93.78368421052632,-24.049999999999656,0.0,0.0465507103800625
98.0625,70.42,93.78368421052632,128.8666666666862,0.0,0.054503393436948384
98.2875,89.75,93.78368421052632,1.1066666666666645,0.0,0.06140914160459108
98.5125,90.58,93.78368421052632,54.33333333333131,1.8269537480063287,0.06709152181944393
98.5875,98.73,94.05772727272728,11.866666666666225,0.0,0.07369999361639741
98.6625,100.51,94.05772727272728,1.2666666666666035,0.0,0.08201022293882218
98.7375,100.7,94.05772727272728,84.86666666666348,0.0,0.09523458742184077
98.8125,113.43,94.05772727272728,-92.8666666666808,0.0,0.11270513355523028
98.8875,99.5,94.05772727272728,20.333333333332543,0.0,0.11031394453005124
98.9625,102.55,94.05772727272728,23.266666666665845,0.0,0.08634661640492654
99.0375,106.04,94.05772727272728,67.39999999999745,0.0,0.04567384370016392
99.1125,116.15,94.05772727272728,-247.6666666666573,0.0,8.514745153250863e-15
99.1875,79.0,94.05772727272728,85.13333333334621,0.0,5.17857553758575e-16
99.2625,91.77,94.05772727272728,-11.133333333332924,0.0,0.0
99.3375,90.1,94.05772727272728,4.133333333333207,0.0,8.344544897504181e-15
99.4125,90.72,94.05772727272728,-64.99999999999754,0.0,1.1214357428721922e-14
99.4875,80.97,94.05772727272728,84.79999999999679,0.0,4.4964280724598915e-15
99.5625,93.69,94.05772727272728,-47.66666666667384,0.0,0.0
99.6375,86.54,94.05772727272728,-32.39999999999877,0.0,1.6923138694893535e-15
99.825,81.68,94.05772727272728,42.9000000000004,0.0,0.34377455472349183
100.0125,107.42,94.05772727272728,-157.1333333333274,0.0,0.6357001407222131
100.0875,83.85,94.05772727272728,109.46666666666252,0.0,0.8881302815295385
100.1625,100.27,94.05772727272728,-65.73333333333083,0.0,1.1103980986333701
100.2375,90.41,94.05772727272728,-127.06666666666186,0.0,1.310022481271668
100.3125,71.35,94.05772727272728,83.60000000001271,0.0,1.4936787645387328
100.3875,83.89,94.05772727272728,268.13333333332315,19.39292929292835,1.6682685673538948
100.4625,124.11,96.96666666666664,-218.33333333332507,0.0,1.842680183557742
100.5375,91.36,96.96666666666664,176.46666666665996,0.0,1.8700324675324376
100.6125,117.83,96.96666666666664,-177.39999999999327,0.0,1.7315115440115174
100.6875,91.22,96.96666666666664,53.40000000000813,0.0,1.523730158730102
100.7625,99.23,96.96666666666664,36.799999999998576,0.0,1.2466883116883056
100.8375,104.75,96.96666666666664,94.4666666666631,0.0,0.9003860028859674
100.9125,118.92,96.96666666666664,-160.1999999999939,0.0,0.4848232323231898
100.9875,94.89,96.96666666666664,-135.06666666666158,0.0,9.446655136218573e-15
101.0625,74.63,96.96666666666664,103.4666666666824,0.0,0.0
101.1375,90.15,96.96666666666664,16.266666666666033,0.0,2.684675790166307e-15
101.2125,92.59,96.96666666666664,-33.73333333333207,0.0,0.0
101.2875,87.53,96.96666666666664,147.59999999999442,0.0,2.3004751794560625
101.3625,109.67,96.96666666666664,-236.5333333333244,0.0,
101.4375,74.19,96.96666666666664,108.80000000001654,0.0,
101.5125,90.51,96.96666666666664,23.26666666666575,0.0,
101.5875,94.0,96.96666666666664,13.999999999999432,0.0,
101.6625,96.1,96.96666666666664,-15.866666666666037,0.0,
101.9625,93.72,96.96666666666664,14.742857142857384,11.650793650793869,
102.2625,109.2,109.2,51.79999999999801,51.79999999999801,
