dis,phdp,raw_kdp
0.075,NaN,NaN
0.15,NaN,NaN
0.225,NaN,NaN
0.3,NaN,NaN
0.375,NaN,NaN
0.45,NaN,NaN
0.525,NaN,NaN
0.6,NaN,NaN
0.675,NaN,NaN
0.75,NaN,NaN
0.825,NaN,NaN
0.9,NaN,NaN
0.975,NaN,NaN
1.05,29.13,NaN
1.125,8.61,NaN
1.2,65.15,NaN
1.275,28.44,NaN
1.35,32.37,0.4
1.425,28.16,0.4
1.5,26.51,0.4
1.575,30.78,0.4
1.65,30.85,0.4
1.725,29.9,0.4
1.8,27.62,0.4
1.875,30.17,0.4
1.95,31.27,0.4
2.025,34.22,0.4
2.1,34.16,0.4
2.175,32.97,0.4
2.25,31.3,0.4
2.325,30.97,0.4
2.4,30.37,0.4
2.475,32.28,0.4
2.55,32.1,0.4
2.625,31.31,0.4
2.7,30.13,0.4
2.775,31.68,0.3
2.85,32.59,0.3
2.925,29.19,0.3
3.0,34.38,0.3
3.075,34.73,0.3
3.15,30.78,0.3
3.225,30.47,0.3
3.3,32.92,0.3
3.375,31.54,0.3
3.45,32.45,0.3
3.525,28.96,0.3
3.6,31.91,0.3
3.675,32.44,0.3
3.75,30.81,0.3
3.825,30.13,0.3
3.9,33.42,0.3
3.975,31.36,0.3
4.05,35.1,0.4
4.125,34.94,0.4
4.2,32.87,0.4
4.275,32.99,0.4
4.35,33.03,0.4
4.425,33.35,0.4
4.5,33.01,0.4
4.575,35.22,0.4
4.65,31.74,0.4
4.725,32.83,0.4
4.8,32.69,0.4
4.875,36.03,0.4
4.95,32.76,0.4
5.025,32.77,0.4
5.1,33.2,0.4
5.175,32.23,0.5
5.25,32.96,0.5
5.325,33.83,0.5
5.4,28.9,0.5
5.475,31.48,0.5
5.55,31.27,0.5
5.625,32.1,0.5
5.7,32.99,0.6
5.775,33.61,0.6
5.85,30.18,0.6
5.925,34.36,0.6
6.0,31.38,0.6
6.075,33.27,0.7
6.15,32.39,0.7
6.225,31.79,0.7
6.3,32.07,0.7
6.375,31.0,0.7
6.45,33.66,0.8
6.525,30.69,0.8
6.6,32.27,0.8
6.675,31.26,0.8
6.75,31.98,0.9
6.825,29.67,0.9
6.9,31.77,0.9
6.975,31.25,0.9
7.05,34.16,1.0
7.125,32.4,1.0
7.2,31.62,1.0
7.275,32.57,1.0
7.35,36.55,1.1
7.425,33.06,1.1
7.5,34.64,1.1
7.575,33.31,1.2
7.65,34.32,1.2
7.725,33.5,1.2
7.8,33.08,1.2
7.875,32.68,1.3
7.95,33.41,1.3
8.025,35.62,1.3
8.1,32.9,1.4
8.175,31.61,1.4
8.25,30.96,1.4
8.325,32.69,1.5
8.4,35.09,1.5
8.475,36.32,1.5
8.55,34.85,1.5
8.625,33.52,1.6
8.7,35.82,1.6
8.775,36.84,1.6
8.85,37.11,1.7
8.925,33.48,1.7
9.0,36.03,1.7
9.075,35.18,1.7
9.15,36.27,2.4
9.225,36.45,2.5
9.3,36.35,2.6
9.375,38.88,2.7
9.45,38.68,2.8
9.525,35.22,2.9
9.6,39.28,2.9
9.675,40.86,3.0
9.75,43.99,3.1
9.825,40.26,3.1
9.9,40.91,3.1
9.975,46.82,3.2
10.05,44.52,3.2
10.125,42.54,3.2
10.2,44.5,3.2
10.275,44.75,3.2
10.35,42.61,3.2
10.425,43.88,3.2
10.5,46.1,3.1
10.575,47.87,3.1
10.65,46.18,3.1
10.725,48.81,3.1
10.8,49.44,3.0
10.875,46.05,3.0
10.95,49.44,2.9
11.025,49.73,2.9
11.1,50.55,2.8
11.175,50.76,2.7
11.25,50.26,2.7
11.325,48.74,2.6
11.4,57.28,2.5
11.475,50.93,2.5
11.55,55.2,2.4
11.625,55.11,2.2
11.7,49.25,2.2
11.775,52.5,2.2
11.85,53.88,2.1
11.925,51.94,2.1
12.0,53.99,2.1
12.075,55.96,2.1
12.15,54.49,2.1
12.225,57.85,2.1
12.3,54.88,2.1
12.375,54.55,2.1
12.45,54.31,2.0
12.525,56.45,2.0
12.6,58.7,2.0
12.675,57.57,2.0
12.75,55.3,2.0
12.825,58.9,2.0
12.9,58.96,1.9
12.975,58.03,1.9
13.05,55.95,1.9
13.125,58.12,1.9
13.2,59.7,1.8
13.275,56.95,1.8
13.35,57.26,1.8
13.425,54.09,1.8
13.5,61.22,1.7
13.575,57.71,1.7
13.65,59.55,1.7
13.725,61.88,1.7
13.8,60.62,1.9
13.875,62.19,1.9
13.95,63.67,1.6
14.025,58.84,1.5
14.1,62.08,1.8
14.175,65.77,1.8
14.25,66.25,1.8
14.325,61.32,1.4
14.4,68.26,1.4
14.475,63.49,1.4
14.55,63.1,1.3
14.625,64.28,1.3
14.7,63.46,1.3
14.775,64.48,1.2
14.85,66.96,1.2
14.925,63.38,1.2
15.0,65.46,1.2
15.075,65.96,1.1
15.15,65.98,1.1
15.225,64.92,1.1
15.3,64.81,1.0
15.375,63.46,1.0
15.45,66.5,1.0
15.525,66.65,1.0
15.6,69.18,0.9
15.675,65.57,0.9
15.75,66.3,0.9
15.825,67.26,0.9
15.9,68.02,0.8
15.975,66.99,0.8
16.05,70.6,0.8
16.125,68.1,0.8
16.2,69.3,0.7
16.275,70.37,0.7
16.35,70.8,0.7
16.425,68.76,0.7
16.5,68.55,0.7
16.575,67.4,0.6
16.65,67.83,0.6
16.725,69.66,0.6
16.8,69.79,0.6
16.875,69.87,0.6
16.95,67.48,0.5
17.025,71.04,0.5
17.1,68.35,0.5
17.175,70.8,0.5
17.25,66.17,0.5
17.325,67.86,0.5
17.4,70.58,0.5
17.475,66.49,0.4
17.55,66.19,0.4
17.625,66.52,0.4
17.7,67.68,0.4
17.775,68.65,0.4
17.85,67.31,0.4
17.925,63.82,0.4
18.0,65.88,0.4
18.075,66.59,0.3
18.15,65.8,0.3
18.225,64.3,0.3
18.3,68.21,0.3
18.375,64.68,0.3
18.45,71.87,0.3
18.525,66.78,0.3
18.6,61.34,0.3
18.675,63.17,0.3
18.75,62.81,0.3
18.825,68.26,0.3
18.9,63.68,0.3
18.975,65.57,0.3
19.05,64.42,0.3
19.125,65.98,0.3
19.2,67.69,0.3
19.275,70.24,0.3
19.35,65.64,0.2
19.425,68.11,0.2
19.5,62.86,0.2
19.575,65.7,0.2
19.65,68.62,0.2
19.725,67.59,0.2
19.8,66.91,0.3
19.875,67.67,0.3
19.95,68.4,0.3
20.025,68.18,0.3
20.1,66.99,0.3
20.175,68.13,0.3
20.25,69.81,0.3
20.325,68.56,0.3
20.4,67.97,0.3
20.475,70.24,0.3
20.55,67.95,0.3
20.625,67.87,0.3
20.7,67.31,0.3
20.775,68.49,0.3
20.85,68.85,0.3
20.925,69.54,0.3
21.0,67.03,0.3
21.075,73.18,0.3
21.15,68.05,0.3
21.225,67.94,0.3
21.3,69.45,0.3
21.375,70.61,0.3
21.45,67.28,0.3
21.525,71.1,0.3
21.6,70.48,0.3
21.675,70.36,0.3
21.75,69.33,0.4
21.825,72.07,0.4
21.9,70.62,0.4
21.975,70.13,0.4
22.05,70.18,0.4
22.125,67.71,0.4
22.2,68.13,0.4
22.275,70.17,0.4
22.35,69.64,0.4
22.425,69.89,0.4
22.5,68.79,0.4
22.575,65.68,0.4
22.65,69.28,0.4
22.725,68.75,0.4
22.8,67.64,0.4
22.875,68.72,0.4
22.95,70.78,0.4
23.025,69.86,0.4
23.1,70.56,0.4
23.175,66.54,0.4
23.25,68.2,0.4
23.325,68.35,0.4
23.4,67.02,0.4
23.475,69.66,0.3
23.55,70.71,0.3
23.625,69.37,0.3
23.7,70.03,0.3
23.775,70.83,0.3
23.85,69.67,0.3
23.925,69.14,0.3
24.0,69.86,0.3
24.075,69.09,0.3
24.15,69.74,0.3
24.225,72.48,0.3
24.3,71.84,0.3
24.375,71.39,0.3
24.45,70.35,0.3
24.525,70.14,0.2
24.6,74.09,0.2
24.675,73.62,0.2
24.75,70.98,0.2
24.825,71.6,0.2
24.9,68.99,0.2
24.975,70.71,0.2
25.05,73.38,0.2
25.125,74.16,0.2
25.2,73.73,0.2
25.275,71.6,0.2
25.35,71.55,0.2
25.425,74.32,0.2
25.5,72.73,0.2
25.575,69.94,0.1
25.65,73.29,0.1
25.725,74.75,0.1
25.8,75.71,0.1
25.875,73.84,0.1
25.95,75.04,0.1
26.025,71.92,0.1
26.1,73.04,0.1
26.175,75.94,0.1
26.25,70.47,0.1
26.325,71.87,0.1
26.4,68.9,0.1
26.475,73.74,0.1
26.55,69.83,0.1
26.625,71.22,0.1
26.7,76.18,0.1
26.775,75.62,0.1
26.85,73.02,0.1
26.925,74.78,0.1
27.0,72.93,0.1
27.075,71.29,0.1
27.15,75.05,0.1
27.225,75.64,0.1
27.3,73.79,0.1
27.375,72.68,0.1
27.45,78.12,0.1
27.525,78.61,NaN
27.6,67.18,NaN
27.675,340.73,NaN
27.75,71.29,NaN
27.825,77.15,NaN
27.9,68.54,NaN
27.975,75.52,NaN
28.05,84.52,0.1
28.125,49.56,0.1
28.2,67.3,0.1
28.275,66.65,0.1
28.35,73.48,0.1
28.425,71.3,0.1
28.5,70.77,0.1
28.575,73.18,0.1
28.65,71.59,0.1
28.725,62.01,0.1
28.8,76.36,0.1
28.875,78.07,0.1
28.95,71.44,0.1
29.025,72.58,0.1
29.1,68.24,0.1
29.175,65.29,0.1
29.25,68.17,0.1
29.325,82.31,0.1
29.4,70.6,0.1
29.475,96.94,NaN
29.55,45.0,NaN
29.625,76.44,NaN
29.7,86.62,NaN
29.775,78.41,0.1
29.85,58.33,0.1
29.925,73.39,0.1
30.0,78.05,0.1
30.075,63.84,0.1
30.15,66.81,0.1
30.225,84.31,0.1
30.3,71.57,0.1
30.375,63.77,0.1
30.45,71.47,0.1
30.525,68.58,0.1
30.6,71.26,0.1
30.675,76.48,0.1
30.75,79.03,0.1
30.825,77.3,0.1
30.9,71.82,0.1
30.975,67.22,0.1
31.05,75.23,0.1
31.125,77.21,0.1
31.2,58.15,0.1
31.275,70.01,0.1
31.35,69.08,0.1
31.425,70.51,0.1
31.5,77.42,0.1
31.575,80.33,0.1
31.65,79.44,0.1
31.725,74.5,0.1
31.8,70.38,0.1
31.875,76.14,0.1
31.95,74.8,0.1
32.025,78.12,0.1
32.1,69.66,0.1
32.175,86.55,0.1
32.25,58.34,0.1
32.325,85.87,0.1
32.4,78.64,0.1
32.475,72.12,0.1
32.55,71.88,0.1
32.625,82.3,0.1
32.7,60.4,0.1
32.775,49.67,NaN
32.85,75.82,NaN
32.925,75.52,NaN
33.0,70.7,NaN
33.075,89.4,NaN
33.15,79.82,NaN
33.225,106.84,NaN
33.3,71.65,NaN
33.375,69.12,NaN
33.45,92.14,NaN
33.525,82.19,NaN
33.6,64.98,NaN
33.675,72.56,NaN
33.75,67.76,NaN
33.825,69.71,NaN
33.9,77.86,NaN
33.975,80.99,NaN
34.05,72.71,NaN
34.125,80.28,NaN
34.2,70.42,NaN
34.275,87.03,NaN
34.35,79.43,NaN
34.425,57.04,NaN
34.5,73.65,NaN
34.575,71.8,NaN
34.65,69.2,NaN
34.725,72.62,NaN
34.8,87.29,NaN
34.875,81.07,NaN
34.95,NaN,NaN
35.025,NaN,NaN
35.1,NaN,NaN
35.175,NaN,NaN
35.25,NaN,NaN
35.325,NaN,NaN
35.4,NaN,NaN
35.475,NaN,NaN
35.55,53.39,NaN
35.625,83.74,NaN
35.7,78.17,NaN
35.775,62.89,NaN
35.85,53.14,NaN
35.925,81.9,NaN
36.0,NaN,NaN
36.075,60.89,NaN
36.15,76.05,NaN
36.225,NaN,NaN
36.3,NaN,NaN
36.375,NaN,NaN
36.45,NaN,NaN
36.525,NaN,NaN
36.6,NaN,NaN
36.675,NaN,NaN
36.75,NaN,NaN
36.825,NaN,NaN
36.9,68.23,NaN
36.975,52.59,NaN
37.05,NaN,NaN
37.125,NaN,NaN
37.2,NaN,NaN
37.275,NaN,NaN
37.35,NaN,NaN
37.425,NaN,NaN
37.5,NaN,NaN
37.575,NaN,NaN
37.65,NaN,NaN
37.725,NaN,NaN
37.8,NaN,NaN
37.875,NaN,NaN
37.95,NaN,NaN
38.025,NaN,NaN
38.1,NaN,NaN
38.175,NaN,NaN
38.25,NaN,NaN
38.325,NaN,NaN
38.4,NaN,NaN
38.475,NaN,NaN
38.55,NaN,NaN
38.625,NaN,NaN
38.7,NaN,NaN
38.775,NaN,NaN
38.85,NaN,NaN
38.925,NaN,NaN
39.0,NaN,NaN
39.075,NaN,NaN
39.15,NaN,NaN
39.225,NaN,NaN
39.3,NaN,NaN
39.375,NaN,NaN
39.45,NaN,NaN
39.525,NaN,NaN
39.6,NaN,NaN
39.675,NaN,NaN
39.75,NaN,NaN
39.825,NaN,NaN
39.9,NaN,NaN
39.975,NaN,NaN
40.05,NaN,NaN
40.125,NaN,NaN
40.2,NaN,NaN
40.275,NaN,NaN
40.35,NaN,NaN
40.425,NaN,NaN
40.5,NaN,NaN
40.575,NaN,NaN
40.65,NaN,NaN
40.725,NaN,NaN
40.8,64.54,NaN
40.875,59.99,NaN
40.95,NaN,NaN
41.025,NaN,NaN
41.1,NaN,NaN
41.175,NaN,NaN
41.25,79.07,NaN
41.325,65.62,NaN
41.4,64.19,0.1
41.475,74.75,0.1
41.55,64.79,0.1
41.625,80.92,0.1
41.7,74.65,0.1
41.775,74.34,0.1
41.85,67.33,0.1
41.925,60.63,0.1
42.0,75.13,0.1
42.075,74.72,0.1
42.15,67.08,0.1
42.225,84.81,0.1
42.3,64.08,NaN
42.375,78.03,NaN
42.45,73.98,NaN
42.525,NaN,NaN
42.6,NaN,NaN
42.675,62.77,NaN
42.75,79.69,NaN
42.825,105.73,NaN
42.9,NaN,NaN
42.975,NaN,NaN
43.05,NaN,NaN
43.125,80.08,NaN
43.2,74.62,NaN
43.275,NaN,NaN
43.35,NaN,NaN
43.425,NaN,NaN
43.5,NaN,NaN
43.575,NaN,NaN
43.65,NaN,NaN
43.725,NaN,NaN
43.8,NaN,NaN
43.875,NaN,NaN
43.95,NaN,NaN
44.025,NaN,NaN
44.1,76.46,NaN
44.175,68.58,NaN
44.25,64.3,NaN
44.325,NaN,NaN
44.4,NaN,NaN
44.475,NaN,NaN
44.55,80.1,NaN
44.625,66.11,NaN
44.7,77.58,NaN
44.775,77.14,NaN
44.85,72.2,NaN
44.925,71.74,NaN
45.0,68.11,NaN
45.075,59.34,NaN
45.15,77.07,NaN
45.225,52.37,NaN
45.3,86.34,NaN
45.375,78.72,NaN
45.45,69.74,NaN
45.525,77.68,NaN
45.6,71.7,NaN
45.675,69.54,NaN
45.75,97.18,NaN
45.825,86.47,NaN
45.9,73.15,NaN
45.975,54.14,NaN
46.05,66.51,NaN
46.125,63.68,NaN
46.2,51.46,NaN
46.275,68.72,NaN
46.35,65.73,NaN
46.425,70.43,NaN
46.5,69.0,NaN
46.575,68.64,NaN
46.65,85.34,NaN
46.725,64.52,NaN
46.8,76.42,NaN
46.875,65.95,NaN
46.95,76.56,NaN
47.025,74.98,NaN
47.1,77.28,NaN
47.175,82.11,NaN
47.25,81.88,NaN
47.325,61.02,NaN
47.4,64.18,NaN
47.475,84.73,NaN
47.55,69.04,NaN
47.625,83.31,NaN
47.7,65.31,NaN
47.775,71.02,NaN
47.85,77.45,0.1
47.925,68.96,0.1
48.0,63.08,NaN
48.075,85.23,NaN
48.15,72.07,NaN
48.225,65.07,NaN
48.3,NaN,NaN
48.375,NaN,NaN
48.45,NaN,NaN
48.525,85.34,NaN
48.6,95.78,NaN
48.675,73.49,NaN
48.75,83.14,NaN
48.825,83.31,NaN
48.9,56.07,NaN
48.975,65.92,0.1
49.05,62.18,0.1
49.125,62.19,0.1
49.2,74.07,0.1
49.275,64.18,0.1
49.35,70.52,0.1
49.425,68.9,0.1
49.5,68.88,0.1
49.575,69.63,0.1
49.65,71.89,0.1
49.725,65.33,0.1
49.8,69.89,0.1
49.875,62.82,0.1
49.95,73.57,0.1
50.025,71.8,0.1
50.1,66.99,0.1
50.175,76.02,0.1
50.25,67.43,0.1
50.325,62.91,0.1
50.4,73.71,0.1
50.475,72.1,0.1
50.55,69.04,0.1
50.625,71.65,0.1
50.7,70.1,0.1
50.775,71.1,0.1
50.85,73.79,0.1
50.925,75.15,0.1
51.0,71.0,0.1
51.075,75.29,0.1
51.15,70.93,0.1
51.225,70.38,0.1
51.3,77.95,0.1
51.375,74.53,0.1
51.45,77.98,0.1
51.525,77.38,NaN
51.6,57.24,NaN
51.675,NaN,NaN
51.75,108.74,NaN
51.825,68.3,NaN
51.9,114.4,NaN
51.975,84.86,NaN
52.05,NaN,NaN
52.125,NaN,NaN
52.2,NaN,NaN
52.275,NaN,NaN
52.35,NaN,NaN
52.425,NaN,NaN
52.5,NaN,NaN
52.575,NaN,NaN
52.65,NaN,NaN
52.725,NaN,NaN
52.8,67.65,NaN
52.875,79.99,NaN
52.95,66.78,NaN
53.025,71.33,0.1
53.1,71.28,0.1
53.175,67.13,0.1
53.25,68.48,0.1
53.325,74.68,0.1
53.4,77.3,0.1
53.475,76.7,0.1
53.55,72.44,0.1
53.625,70.63,0.1
53.7,77.51,0.1
53.775,72.94,0.1
53.85,73.51,0.1
53.925,72.5,0.1
54.0,79.29,NaN
54.075,67.21,NaN
54.15,NaN,NaN
54.225,NaN,NaN
54.3,NaN,NaN
54.375,NaN,NaN
54.45,NaN,NaN
54.525,NaN,NaN
54.6,NaN,NaN
54.675,NaN,NaN
54.75,NaN,NaN
54.825,NaN,NaN
54.9,NaN,NaN
54.975,NaN,NaN
55.05,NaN,NaN
55.125,NaN,NaN
55.2,NaN,NaN
55.275,69.58,0.1
55.35,72.7,0.1
55.425,70.55,0.1
55.5,71.35,0.1
55.575,66.86,0.1
55.65,72.66,0.1
55.725,73.75,0.1
55.8,75.65,0.1
55.875,74.17,0.1
55.95,69.68,0.1
56.025,81.66,0.1
56.1,75.09,0.1
56.175,80.06,0.1
56.25,72.35,0.1
56.325,78.01,0.1
56.4,83.04,0.1
56.475,81.47,0.1
56.55,92.05,NaN
56.625,NaN,NaN
56.7,NaN,NaN
56.775,NaN,NaN
56.85,NaN,NaN
56.925,NaN,NaN
57.0,45.41,NaN
57.075,85.63,NaN
57.15,70.42,NaN
57.225,73.96,0.1
57.3,77.69,0.1
57.375,66.96,0.1
57.45,60.95,0.1
57.525,NaN,NaN
57.6,NaN,NaN
57.675,NaN,NaN
57.75,NaN,NaN
57.825,NaN,NaN
57.9,NaN,NaN
57.975,NaN,NaN
58.05,NaN,NaN
58.125,NaN,NaN
58.2,NaN,NaN
58.275,NaN,NaN
58.35,NaN,NaN
58.425,NaN,NaN
58.5,NaN,NaN
58.575,NaN,NaN
58.65,NaN,NaN
58.725,NaN,NaN
58.8,NaN,NaN
58.875,NaN,NaN
58.95,NaN,NaN
59.025,NaN,NaN
59.1,NaN,NaN
59.175,NaN,NaN
59.25,NaN,NaN
59.325,NaN,NaN
59.4,NaN,NaN
59.475,NaN,NaN
59.55,NaN,NaN
59.625,NaN,NaN
59.7,NaN,NaN
59.775,NaN,NaN
59.85,NaN,NaN
59.925,NaN,NaN
60.0,NaN,0.1
60.075,NaN,0.1
60.15,NaN,0.1
60.225,NaN,NaN
60.3,NaN,NaN
60.375,NaN,NaN
60.45,NaN,NaN
60.525,NaN,NaN
60.6,NaN,NaN
60.675,NaN,NaN
60.75,NaN,NaN
60.825,NaN,NaN
60.9,NaN,NaN
60.975,NaN,NaN
61.05,NaN,NaN
61.125,NaN,NaN
61.2,NaN,NaN
61.275,NaN,NaN
61.35,NaN,NaN
61.425,NaN,NaN
61.5,NaN,NaN
61.575,NaN,NaN
61.65,NaN,NaN
61.725,NaN,NaN
61.8,NaN,NaN
61.875,NaN,NaN
61.95,NaN,NaN
62.025,NaN,NaN
62.1,NaN,NaN
62.175,NaN,NaN
62.25,NaN,NaN
62.325,NaN,NaN
62.4,NaN,NaN
62.475,68.29,NaN
62.55,84.2,0.1
62.625,64.86,0.1
62.7,67.91,0.1
62.775,69.82,0.1
62.85,73.0,0.1
62.925,79.18,0.1
63.0,81.34,0.1
63.075,72.94,0.1
63.15,74.1,0.1
63.225,80.56,0.1
63.3,70.39,NaN
63.375,NaN,NaN
63.45,77.8,NaN
63.525,63.29,NaN
63.6,66.06,NaN
63.675,116.67,NaN
63.75,76.03,NaN
63.825,54.84,NaN
63.9,60.47,NaN
63.975,83.36,NaN
64.05,83.81,NaN
64.125,81.5,NaN
64.2,72.18,NaN
64.275,81.65,0.1
64.35,74.59,0.1
64.425,84.7,0.1
64.5,88.15,NaN
64.575,89.08,NaN
64.65,76.25,NaN
64.725,79.1,0.1
64.8,72.03,0.1
64.875,77.31,0.1
64.95,68.82,0.1
65.025,76.28,0.1
65.1,80.39,0.1
65.175,83.48,0.1
65.25,87.06,0.1
65.325,78.84,0.1
65.4,78.88,0.1
65.475,78.65,0.1
65.55,75.49,0.1
65.625,87.98,0.1
65.7,64.71,0.1
65.775,83.72,0.1
65.85,72.24,0.1
65.925,81.44,0.1
66.0,77.3,0.1
66.075,71.42,0.1
66.15,64.69,0.1
66.225,65.44,0.1
66.3,56.52,0.1
66.375,78.46,NaN
66.45,72.52,NaN
66.525,73.06,NaN
66.6,81.09,NaN
66.675,68.83,NaN
66.75,76.1,NaN
66.825,78.03,NaN
66.9,81.78,NaN
66.975,71.75,NaN
67.05,84.4,NaN
67.125,84.59,NaN
67.2,69.33,0.1
67.275,82.28,0.1
67.35,74.9,0.1
67.425,70.55,0.1
67.5,77.08,0.1
67.575,67.59,0.1
67.65,69.39,0.1
67.725,77.03,0.1
67.8,76.1,0.1
67.875,65.96,0.1
67.95,64.88,0.1
68.025,76.77,0.1
68.1,74.38,0.1
68.175,81.08,0.1
68.25,77.55,0.1
68.325,74.23,0.1
68.4,67.54,0.1
68.475,77.8,0.1
68.55,71.12,0.1
68.625,65.62,0.1
68.7,84.25,0.1
68.775,70.81,0.1
68.85,82.75,0.1
68.925,75.92,0.1
69.0,71.37,0.2
69.075,78.29,0.2
69.15,81.16,0.2
69.225,79.62,0.2
69.3,70.08,0.2
69.375,76.38,0.2
69.45,79.98,0.2
69.525,77.0,0.2
69.6,74.69,0.2
69.675,72.7,0.2
69.75,75.47,0.2
69.825,77.9,0.2
69.9,84.4,0.2
69.975,77.45,0.2
70.05,81.25,0.2
70.125,76.2,0.2
70.2,72.26,0.2
70.275,68.32,0.2
70.35,74.44,0.2
70.425,78.4,0.3
70.5,78.0,0.3
70.575,73.82,0.3
70.65,81.14,0.3
70.725,77.91,0.3
70.8,71.0,0.3
70.875,78.9,0.3
70.95,75.3,0.3
71.025,78.43,0.3
71.1,80.17,0.3
71.175,74.19,0.3
71.25,76.06,0.3
71.325,80.05,0.3
71.4,74.75,0.3
71.475,75.77,0.3
71.55,78.02,0.3
71.625,87.66,0.3
71.7,75.7,0.3
71.775,73.16,0.3
71.85,77.4,0.3
71.925,83.76,0.3
72.0,79.1,0.4
72.075,81.67,0.4
72.15,80.91,0.4
72.225,77.0,0.4
72.3,81.52,0.4
72.375,81.86,0.4
72.45,79.59,0.4
72.525,86.24,0.4
72.6,81.48,0.4
72.675,86.84,0.4
72.75,80.98,0.4
72.825,83.02,0.4
72.9,71.59,0.4
72.975,75.77,0.4
73.05,73.6,0.3
73.125,82.43,0.3
73.2,74.73,0.3
73.275,82.67,0.3
73.35,81.15,0.3
73.425,83.47,0.3
73.5,66.88,0.3
73.575,82.78,0.3
73.65,79.35,0.3
73.725,82.87,0.3
73.8,75.29,0.3
73.875,82.21,0.3
73.95,82.15,0.3
74.025,80.62,0.3
74.1,85.88,0.3
74.175,92.68,0.3
74.25,80.0,0.3
74.325,81.38,0.3
74.4,78.07,0.3
74.475,80.41,0.3
74.55,80.85,0.3
74.625,89.1,0.3
74.7,73.41,0.3
74.775,74.75,0.3
74.85,79.58,0.3
74.925,83.59,0.3
75.0,79.0,0.3
75.075,82.27,0.3
75.15,78.33,0.3
75.225,91.0,0.3
75.3,77.93,0.3
75.375,89.8,0.3
75.45,70.64,0.3
75.525,81.56,0.3
75.6,76.85,0.3
75.675,78.65,0.3
75.75,77.59,0.3
75.825,80.45,0.3
75.9,78.53,0.3
75.975,75.54,0.3
76.05,77.7,0.3
76.125,75.11,0.3
76.2,80.47,0.3
76.275,90.64,0.3
76.35,97.13,0.3
76.425,69.86,0.3
76.5,73.64,0.3
76.575,87.55,0.3
76.65,86.75,0.3
76.725,81.24,0.3
76.8,75.81,0.3
76.875,87.53,0.3
76.95,93.81,0.3
77.025,81.88,0.3
77.1,80.37,0.3
77.175,77.54,0.3
77.25,82.48,0.3
77.325,88.71,0.3
77.4,73.01,0.3
77.475,77.75,0.3
77.55,84.78,0.3
77.625,79.92,0.3
77.7,85.35,0.3
77.775,78.11,0.3
77.85,81.93,0.3
77.925,85.2,0.3
78.0,82.62,0.3
78.075,81.13,0.3
78.15,70.19,0.3
78.225,80.24,0.3
78.3,85.75,0.3
78.375,81.62,0.3
78.45,82.74,0.3
78.525,86.65,0.3
78.6,81.67,0.3
78.675,89.2,0.3
78.75,70.95,0.3
78.825,96.94,0.3
78.9,80.4,0.3
78.975,80.92,0.3
79.05,73.76,0.3
79.125,89.65,0.3
79.2,83.32,0.3
79.275,78.76,0.3
79.35,76.69,0.3
79.425,85.07,0.3
79.5,93.22,0.3
79.575,68.34,0.3
79.65,83.23,0.3
79.725,88.32,0.3
79.8,79.63,0.3
79.875,89.33,0.3
79.95,84.24,0.3
80.025,87.38,0.4
80.1,84.95,0.4
80.175,77.07,0.4
80.25,88.29,0.4
80.325,97.33,0.4
80.4,70.1,0.4
80.475,79.15,0.4
80.55,85.5,0.4
80.625,92.91,0.4
80.7,81.43,0.4
80.775,86.66,0.4
80.85,91.85,0.4
80.925,80.03,0.4
81.0,92.55,0.4
81.075,78.0,0.4
81.15,91.2,0.4
81.225,95.69,0.4
81.3,74.23,0.4
81.375,90.24,0.4
81.45,79.23,0.4
81.525,81.96,0.4
81.6,78.83,0.4
81.675,80.37,0.4
81.75,80.32,0.4
81.825,76.81,0.4
81.9,83.5,0.4
81.975,74.38,0.4
82.05,90.19,0.4
82.125,84.78,0.4
82.2,86.51,0.4
82.275,68.82,0.4
82.35,72.53,0.4
82.425,68.89,0.4
82.5,82.73,0.4
82.575,91.14,0.3
82.65,82.43,0.3
82.725,81.76,0.3
82.8,81.1,0.3
82.875,88.1,0.3
82.95,93.51,0.3
83.025,84.44,0.3
83.1,90.66,0.3
83.175,82.54,0.3
83.25,89.54,0.3
83.325,86.3,0.3
83.4,88.05,0.3
83.475,82.1,0.3
83.55,81.88,0.2
83.625,87.76,0.2
83.7,83.26,0.2
83.775,82.45,0.2
83.85,81.73,0.2
83.925,84.72,0.2
84.0,86.91,0.2
84.075,90.23,0.2
84.15,93.77,0.2
84.225,73.5,0.2
84.3,87.16,0.1
84.375,98.28,0.1
84.45,95.45,0.1
84.525,79.49,0.1
84.6,91.7,0.1
84.675,90.51,0.1
84.75,94.99,0.1
84.825,88.9,0.1
84.9,84.75,0.1
84.975,90.36,0.1
85.05,95.85,0.1
85.125,92.18,0.1
85.2,81.31,0.0
85.275,84.26,0.0
85.35,89.51,0.0
85.425,85.94,0.0
85.5,98.71,0.0
85.575,89.92,0.0
85.65,91.59,0.0
85.725,97.5,0.0
85.8,91.58,0.0
85.875,83.23,0.0
85.95,87.66,0.0
86.025,105.17,0.0
86.1,85.95,0.0
86.175,83.58,NaN
86.25,88.83,NaN
86.325,81.91,NaN
86.4,99.78,NaN
86.475,82.54,NaN
86.55,93.12,0.0
86.625,78.48,0.0
86.7,NaN,NaN
86.775,101.55,NaN
86.85,97.68,NaN
86.925,NaN,NaN
87.0,NaN,NaN
87.075,NaN,NaN
87.15,86.14,NaN
87.225,53.64,NaN
87.3,NaN,NaN
87.375,NaN,NaN
87.45,124.08,NaN
87.525,92.04,NaN
87.6,121.7,NaN
87.675,NaN,NaN
87.75,NaN,NaN
87.825,81.72,NaN
87.9,84.19,NaN
87.975,NaN,NaN
88.05,NaN,NaN
88.125,NaN,NaN
88.2,NaN,NaN
88.275,NaN,NaN
88.35,NaN,NaN
88.425,NaN,NaN
88.5,NaN,NaN
88.575,NaN,NaN
88.65,NaN,NaN
88.725,NaN,NaN
88.8,NaN,NaN
88.875,NaN,NaN
88.95,NaN,NaN
89.025,NaN,NaN
89.1,NaN,NaN
89.175,NaN,NaN
89.25,NaN,NaN
89.325,NaN,NaN
89.4,NaN,NaN
89.475,NaN,NaN
89.55,NaN,NaN
89.625,NaN,NaN
89.7,NaN,NaN
89.775,NaN,NaN
89.85,NaN,NaN
89.925,NaN,NaN
90.0,NaN,NaN
90.075,NaN,NaN
90.15,NaN,NaN
90.225,NaN,NaN
90.3,NaN,NaN
90.375,NaN,NaN
90.45,NaN,NaN
90.525,NaN,NaN
90.6,NaN,NaN
90.675,NaN,NaN
90.75,NaN,NaN
90.825,NaN,NaN
90.9,NaN,NaN
90.975,NaN,NaN
91.05,NaN,NaN
91.125,NaN,NaN
91.2,NaN,NaN
91.275,NaN,NaN
91.35,NaN,NaN
91.425,NaN,NaN
91.5,NaN,NaN
91.575,NaN,NaN
91.65,NaN,NaN
91.725,NaN,NaN
91.8,NaN,NaN
91.875,NaN,NaN
91.95,NaN,NaN
92.025,NaN,NaN
92.1,NaN,0.0
92.175,NaN,0.0
92.25,NaN,0.0
92.325,NaN,NaN
92.4,NaN,NaN
92.475,NaN,NaN
92.55,NaN,NaN
92.625,NaN,NaN
92.7,NaN,NaN
92.775,NaN,NaN
92.85,NaN,NaN
92.925,NaN,NaN
93.0,NaN,NaN
93.075,NaN,NaN
93.15,NaN,NaN
93.225,NaN,NaN
93.3,NaN,NaN
93.375,NaN,NaN
93.45,NaN,NaN
93.525,NaN,NaN
93.6,NaN,NaN
93.675,NaN,NaN
93.75,NaN,NaN
93.825,NaN,NaN
93.9,NaN,NaN
93.975,NaN,NaN
94.05,NaN,NaN
94.125,NaN,NaN
94.2,NaN,NaN
94.275,NaN,NaN
94.35,NaN,NaN
94.425,NaN,NaN
94.5,NaN,NaN
94.575,NaN,NaN
94.65,NaN,NaN
94.725,NaN,NaN
94.8,NaN,NaN
94.875,NaN,NaN
94.95,NaN,NaN
95.025,NaN,NaN
95.1,NaN,NaN
95.175,NaN,NaN
95.25,NaN,NaN
95.325,NaN,NaN
95.4,NaN,NaN
95.475,NaN,NaN
95.55,NaN,NaN
95.625,NaN,NaN
95.7,105.39,NaN
95.775,92.64,NaN
95.85,NaN,0.0
95.925,NaN,0.0
96.0,NaN,NaN
96.075,103.06,NaN
96.15,98.14,NaN
96.225,81.02,NaN
96.3,NaN,NaN
96.375,NaN,NaN
96.45,NaN,NaN
96.525,NaN,NaN
96.6,94.63,NaN
96.675,68.77,NaN
96.75,105.36,NaN
96.825,NaN,NaN
96.9,93.67,NaN
96.975,85.45,NaN
97.05,NaN,NaN
97.125,NaN,NaN
97.2,NaN,NaN
97.275,NaN,NaN
97.35,NaN,NaN
97.425,99.28,NaN
97.5,NaN,NaN
97.575,NaN,NaN
97.65,NaN,NaN
97.725,NaN,NaN
97.8,NaN,NaN
97.875,NaN,NaN
97.95,NaN,NaN
98.025,70.42,NaN
98.1,89.75,NaN
98.175,NaN,NaN
98.25,NaN,NaN
98.325,NaN,NaN
98.4,NaN,NaN
98.475,90.58,NaN
98.55,98.73,NaN
98.625,100.51,NaN
98.7,100.7,NaN
98.775,113.43,NaN
98.85,99.5,NaN
98.925,102.55,0.0
99.0,106.04,0.0
99.075,116.15,0.0
99.15,79.0,NaN
99.225,91.77,NaN
99.3,90.1,0.0
99.375,90.72,0.0
99.45,80.97,0.0
99.525,93.69,NaN
99.6,86.54,NaN
99.675,81.68,NaN
99.75,NaN,NaN
99.825,NaN,NaN
99.9,NaN,NaN
99.975,107.42,NaN
100.05,83.85,NaN
100.125,100.27,NaN
100.2,90.41,NaN
100.275,71.35,NaN
100.35,83.89,NaN
100.425,124.11,NaN
100.5,91.36,NaN
100.575,117.83,NaN
100.65,91.22,NaN
100.725,99.23,NaN
100.8,104.75,NaN
100.875,118.92,NaN
100.95,94.89,NaN
101.025,74.63,NaN
101.1,90.15,NaN
101.175,92.59,NaN
101.25,87.53,NaN
101.325,109.67,NaN
101.4,74.19,NaN
101.475,90.51,NaN
101.55,94.0,NaN
101.625,96.1,NaN
101.7,93.72,NaN
101.775,NaN,NaN
101.85,NaN,NaN
101.925,NaN,NaN
102.0,NaN,NaN
102.075,NaN,NaN
102.15,NaN,NaN
102.225,109.2,NaN
102.3,116.97,NaN
102.375,NaN,NaN
102.45,NaN,NaN
102.525,NaN,NaN
102.6,NaN,NaN
102.675,NaN,NaN
102.75,NaN,NaN
102.825,NaN,NaN
102.9,NaN,NaN
102.975,NaN,NaN
103.05,NaN,NaN
103.125,NaN,NaN
103.2,NaN,NaN
103.275,NaN,NaN
103.35,NaN,NaN
103.425,NaN,NaN
103.5,NaN,NaN
103.575,NaN,NaN
103.65,NaN,NaN
103.725,NaN,NaN
103.8,NaN,NaN
103.875,NaN,NaN
103.95,NaN,NaN
104.025,NaN,NaN
104.1,NaN,NaN
104.175,NaN,NaN
104.25,NaN,NaN
104.325,NaN,NaN
104.4,NaN,NaN
104.475,NaN,NaN
104.55,NaN,NaN
104.625,NaN,NaN
104.7,NaN,NaN
104.775,NaN,NaN
104.85,NaN,NaN
104.925,NaN,NaN
105.0,NaN,NaN
105.075,NaN,NaN
105.15,NaN,NaN
105.225,NaN,NaN
105.3,NaN,NaN
105.375,NaN,NaN
105.45,NaN,NaN
105.525,NaN,NaN
105.6,NaN,NaN
105.675,NaN,NaN
105.75,NaN,NaN
105.825,NaN,NaN
105.9,NaN,NaN
105.975,NaN,NaN
106.05,NaN,NaN
106.125,NaN,NaN
106.2,NaN,NaN
106.275,NaN,NaN
106.35,NaN,NaN
106.425,NaN,NaN
106.5,NaN,NaN
106.575,NaN,NaN
106.65,NaN,NaN
106.725,NaN,NaN
106.8,NaN,NaN
106.875,NaN,NaN
106.95,NaN,NaN
107.025,NaN,NaN
107.1,NaN,NaN
107.175,NaN,NaN
107.25,NaN,NaN
107.325,NaN,NaN
107.4,NaN,NaN
107.475,NaN,NaN
107.55,NaN,NaN
107.625,NaN,NaN
107.7,NaN,NaN
107.775,NaN,NaN
107.85,NaN,NaN
107.925,NaN,NaN
108.0,NaN,NaN
108.075,NaN,NaN
108.15,NaN,NaN
108.225,NaN,NaN
108.3,NaN,NaN
108.375,NaN,NaN
108.45,NaN,NaN
108.525,NaN,NaN
108.6,NaN,NaN
108.675,NaN,NaN
108.75,NaN,NaN
108.825,NaN,NaN
108.9,NaN,NaN
108.975,NaN,NaN
109.05,NaN,NaN
109.125,NaN,NaN
109.2,NaN,NaN
109.275,NaN,NaN
109.35,NaN,NaN
109.425,NaN,NaN
109.5,NaN,NaN
109.575,NaN,NaN
109.65,NaN,NaN
109.725,NaN,NaN
109.8,NaN,NaN
109.875,NaN,NaN
109.95,NaN,NaN
110.025,NaN,NaN
110.1,NaN,NaN
110.175,NaN,NaN
110.25,NaN,NaN
110.325,NaN,NaN
110.4,NaN,NaN
110.475,NaN,NaN
110.55,NaN,NaN
110.625,NaN,NaN
110.7,NaN,NaN
110.775,NaN,NaN
110.85,NaN,NaN
110.925,NaN,NaN
111.0,NaN,NaN
111.075,NaN,NaN
111.15,NaN,NaN
111.225,NaN,NaN
111.3,NaN,NaN
111.375,NaN,NaN
111.45,NaN,NaN
111.525,NaN,NaN
111.6,NaN,NaN
111.675,NaN,NaN
111.75,NaN,NaN
111.825,NaN,NaN
111.9,NaN,NaN
111.975,NaN,NaN
112.05,NaN,NaN
112.125,NaN,NaN
112.2,NaN,NaN
112.275,NaN,NaN
112.35,NaN,NaN
112.425,NaN,NaN
112.5,NaN,NaN
112.575,NaN,NaN
112.65,NaN,NaN
112.725,NaN,NaN
112.8,NaN,NaN
112.875,NaN,NaN
112.95,NaN,NaN
113.025,NaN,NaN
113.1,NaN,NaN
113.175,NaN,NaN
113.25,NaN,NaN
113.325,NaN,NaN
113.4,NaN,NaN
113.475,NaN,NaN
113.55,NaN,NaN
113.625,NaN,NaN
113.7,NaN,NaN
113.775,NaN,NaN
113.85,NaN,NaN
113.925,NaN,NaN
114.0,NaN,NaN
114.075,NaN,NaN
114.15,NaN,NaN
114.225,NaN,NaN
114.3,NaN,NaN
114.375,NaN,NaN
114.45,NaN,NaN
114.525,NaN,NaN
114.6,NaN,NaN
114.675,NaN,NaN
114.75,NaN,NaN
114.825,NaN,NaN
114.9,NaN,NaN
114.975,NaN,NaN
115.05,NaN,NaN
115.125,NaN,NaN
115.2,NaN,NaN
115.275,NaN,NaN
115.35,NaN,NaN
115.425,NaN,NaN
115.5,NaN,NaN
115.575,NaN,NaN
115.65,NaN,NaN
115.725,NaN,NaN
115.8,NaN,NaN
115.875,NaN,NaN
115.95,NaN,NaN
116.025,NaN,NaN
116.1,NaN,NaN
116.175,NaN,NaN
116.25,NaN,NaN
116.325,NaN,NaN
116.4,NaN,NaN
116.475,NaN,NaN
116.55,NaN,NaN
116.625,NaN,NaN
116.7,NaN,NaN
116.775,NaN,NaN
116.85,NaN,NaN
116.925,NaN,NaN
117.0,NaN,NaN
117.075,NaN,NaN
117.15,NaN,NaN
117.225,NaN,NaN
117.3,NaN,NaN
117.375,NaN,NaN
117.45,NaN,NaN
117.525,NaN,NaN
117.6,NaN,NaN
117.675,NaN,NaN
117.75,NaN,NaN
117.825,NaN,NaN
117.9,NaN,NaN
117.975,NaN,NaN
118.05,NaN,NaN
118.125,NaN,NaN
118.2,NaN,NaN
118.275,NaN,NaN
118.35,NaN,NaN
118.425,NaN,NaN
118.5,NaN,NaN
118.575,NaN,NaN
118.65,NaN,NaN
118.725,NaN,NaN
118.8,NaN,NaN
118.875,NaN,NaN
118.95,NaN,NaN
119.025,NaN,NaN
119.1,NaN,NaN
119.175,NaN,NaN
119.25,NaN,NaN
119.325,NaN,NaN
119.4,NaN,NaN
119.475,NaN,NaN
119.55,NaN,NaN
119.625,NaN,NaN
119.7,NaN,NaN
119.775,NaN,NaN
119.85,NaN,NaN
119.925,NaN,NaN
120.0,NaN,NaN
120.075,NaN,NaN
120.15,NaN,NaN
120.225,NaN,NaN
120.3,NaN,NaN
120.375,NaN,NaN
120.45,NaN,NaN
120.525,NaN,NaN
120.6,NaN,NaN
120.675,NaN,NaN
120.75,NaN,NaN
120.825,NaN,NaN
120.9,NaN,NaN
120.975,NaN,NaN
121.05,NaN,NaN
121.125,NaN,NaN
121.2,NaN,NaN
121.275,NaN,NaN
121.35,NaN,NaN
121.425,NaN,NaN
121.5,NaN,NaN
121.575,NaN,NaN
121.65,NaN,NaN
121.725,NaN,NaN
121.8,NaN,NaN
121.875,NaN,NaN
121.95,NaN,NaN
122.025,NaN,NaN
122.1,NaN,NaN
122.175,NaN,NaN
122.25,NaN,NaN
122.325,NaN,NaN
122.4,NaN,NaN
122.475,NaN,NaN
122.55,NaN,NaN
122.625,NaN,NaN
122.7,NaN,NaN
122.775,NaN,NaN
122.85,NaN,NaN
122.925,NaN,NaN
123.0,NaN,NaN
123.075,NaN,NaN
123.15,NaN,NaN
123.225,NaN,NaN
123.3,NaN,NaN
123.375,NaN,NaN
123.45,NaN,NaN
123.525,NaN,NaN
123.6,NaN,NaN
123.675,NaN,NaN
123.75,NaN,NaN
123.825,NaN,NaN
123.9,NaN,NaN
123.975,NaN,NaN
124.05,NaN,NaN
124.125,NaN,NaN
124.2,NaN,NaN
124.275,NaN,NaN
124.35,NaN,NaN
124.425,NaN,NaN
124.5,NaN,NaN
124.575,NaN,NaN
124.65,NaN,NaN
124.725,NaN,NaN
124.8,NaN,NaN
124.875,NaN,NaN
124.95,NaN,NaN
125.025,NaN,NaN
125.1,NaN,NaN
125.175,NaN,NaN
125.25,NaN,NaN
125.325,NaN,NaN
125.4,NaN,NaN
125.475,NaN,NaN
125.55,NaN,NaN
125.625,NaN,NaN
125.7,NaN,NaN
125.775,NaN,NaN
125.85,NaN,NaN
125.925,NaN,NaN
126.0,NaN,NaN
126.075,NaN,NaN
126.15,NaN,NaN
126.225,NaN,NaN
126.3,NaN,NaN
126.375,NaN,NaN
126.45,NaN,NaN
126.525,NaN,NaN
126.6,NaN,NaN
126.675,NaN,NaN
126.75,NaN,NaN
126.825,NaN,NaN
126.9,NaN,NaN
126.975,NaN,NaN
127.05,NaN,NaN
127.125,NaN,NaN
127.2,NaN,NaN
127.275,NaN,NaN
127.35,NaN,NaN
127.425,NaN,NaN
127.5,NaN,NaN
127.575,NaN,NaN
127.65,NaN,NaN
127.725,NaN,NaN
127.8,NaN,NaN
127.875,NaN,NaN
127.95,NaN,NaN
128.025,NaN,NaN
128.1,NaN,NaN
128.175,NaN,NaN
128.25,NaN,NaN
128.325,NaN,NaN
128.4,NaN,NaN
128.475,NaN,NaN
128.55,NaN,NaN
128.625,NaN,NaN
128.7,NaN,NaN
128.775,NaN,NaN
128.85,NaN,NaN
128.925,NaN,NaN
129.0,NaN,NaN
129.075,NaN,NaN
129.15,NaN,NaN
129.225,NaN,NaN
129.3,NaN,NaN
129.375,NaN,NaN
129.45,NaN,NaN
129.525,NaN,NaN
129.6,NaN,NaN
129.675,NaN,NaN
129.75,NaN,NaN
129.825,NaN,NaN
129.9,NaN,NaN
129.975,NaN,NaN
130.05,NaN,NaN
130.125,NaN,NaN
130.2,NaN,NaN
130.275,NaN,NaN
130.35,NaN,NaN
130.425,NaN,NaN
130.5,NaN,NaN
130.575,NaN,NaN
130.65,NaN,NaN
130.725,NaN,NaN
130.8,NaN,NaN
130.875,NaN,NaN
130.95,NaN,NaN
131.025,NaN,NaN
131.1,NaN,NaN
131.175,NaN,NaN
131.25,NaN,NaN
131.325,NaN,NaN
131.4,NaN,NaN
131.475,NaN,NaN
131.55,NaN,NaN
131.625,NaN,NaN
131.7,NaN,NaN
131.775,NaN,NaN
131.85,NaN,NaN
131.925,NaN,NaN
132.0,NaN,NaN
132.075,NaN,NaN
132.15,NaN,NaN
132.225,NaN,NaN
132.3,NaN,NaN
132.375,NaN,NaN
132.45,NaN,NaN
132.525,NaN,NaN
132.6,NaN,NaN
132.675,NaN,NaN
132.75,NaN,NaN
132.825,NaN,NaN
132.9,NaN,NaN
132.975,NaN,NaN
133.05,NaN,NaN
133.125,NaN,NaN
133.2,NaN,NaN
133.275,NaN,NaN
133.35,NaN,NaN
133.425,NaN,NaN
133.5,NaN,NaN
133.575,NaN,NaN
133.65,NaN,NaN
133.725,NaN,NaN
133.8,NaN,NaN
133.875,NaN,NaN
133.95,NaN,NaN
134.025,NaN,NaN
134.1,NaN,NaN
134.175,NaN,NaN
134.25,NaN,NaN
134.325,NaN,NaN
134.4,NaN,NaN
134.475,NaN,NaN
134.55,NaN,NaN
134.625,NaN,NaN
134.7,NaN,NaN
134.775,NaN,NaN
134.85,NaN,NaN
134.925,NaN,NaN
135.0,NaN,NaN
135.075,NaN,NaN
135.15,NaN,NaN
135.225,NaN,NaN
135.3,NaN,NaN
135.375,NaN,NaN
135.45,NaN,NaN
135.525,NaN,NaN
135.6,NaN,NaN
135.675,NaN,NaN
135.75,NaN,NaN
135.825,NaN,NaN
135.9,NaN,NaN
135.975,NaN,NaN
136.05,NaN,NaN
136.125,NaN,NaN
136.2,NaN,NaN
136.275,NaN,NaN
136.35,NaN,NaN
136.425,NaN,NaN
136.5,NaN,NaN
136.575,NaN,NaN
136.65,NaN,NaN
136.725,NaN,NaN
136.8,NaN,NaN
136.875,NaN,NaN
136.95,NaN,NaN
137.025,NaN,NaN
137.1,NaN,NaN
137.175,NaN,NaN
137.25,NaN,NaN
137.325,NaN,NaN
137.4,NaN,NaN
137.475,NaN,NaN
137.55,NaN,NaN
137.625,NaN,NaN
137.7,NaN,NaN
137.775,NaN,NaN
137.85,NaN,NaN
137.925,NaN,NaN
138.0,NaN,NaN
138.075,NaN,NaN
138.15,NaN,NaN
138.225,NaN,NaN
138.3,NaN,NaN
138.375,NaN,NaN
138.45,NaN,NaN
138.525,NaN,NaN
138.6,NaN,NaN
138.675,NaN,NaN
138.75,NaN,NaN
138.825,NaN,NaN
138.9,NaN,NaN
138.975,NaN,NaN
139.05,NaN,NaN
139.125,NaN,NaN
139.2,NaN,NaN
139.275,NaN,NaN
139.35,NaN,NaN
139.425,NaN,NaN
139.5,NaN,NaN
139.575,NaN,NaN
139.65,NaN,NaN
139.725,NaN,NaN
139.8,NaN,NaN
139.875,NaN,NaN
139.95,NaN,NaN
